2017-09-07 16:46:37:2686	../../../files/testListWithPickListSize100.txt
InstanceNumber	DistanceMatrixRunningTime	GACycleSwapTotalDistance	GACycleSwapRunningTime	GACycleInversionTotalDistance	GACycleInversionRunningTime	GAOrderedSwapTotalDistance	GAOrderedSwapRunningTime	GAOrderedInversionTotalDistance	GAOrderedInversionRunningTime	GAPMXSwapTotalDistance	GAPMXSwapRunningTime	GAPMXInversionTotalDistance	GAPMXInversionRunningTime	SShapeTravelledTotalDistance	SShapeRunningTime	LargestGapTravelledTotalDistance	LargestGapRunningTime
1	546.524	2429.05999999999	149.743	1644.12	657.614	2046.55999999999	35.926	1507.28	49.18	2519.01999999999	99.096	1602.32	138.278	2264.64	0.004	1849.42	0.007
2	549.022	2210.85999999999	293.423	1612.94	615.129	1904.47999999999	50.756	1537.88	55.645	2182.55999999999	182.387	1735.26	172.685	2099.6	0.001	1678.7	0.002
3	551.156	2629.79999999998	151.556	1838.84	401.305	2178.23999999999	32.731	1799.14	50.446	2306.75999999999	222.276	1578.52	149.843	2103.92	0.001	1821.38	0.002
4	553.727	1790.06	231.757	1720.82	479.645	2447.39999999999	25.18	1095.98	51.91	2269.17999999999	108.677	1586.2	198.159	2020.96	0.001	1823.08	0.002
5	555.763	2134.75999999999	277.92	1700.34	396.42	2197.61999999999	38.299	1496.1	61.62	2358.87999999999	119.129	1486.46	211.381	2187.22	0.001	1794.02	0.002
6	559.259	1967.83999999999	244.49	1408.8	589.285	2124.53999999999	35.104	1150.96	45.871	1962.83999999999	127.707	1617.34	141.733	1932.94	0.001	1601.14	0.002
7	558.19	1893.49999999999	318.239	1313.06	584.131	2200.63999999999	52.042	1495.26	52.019	1878.19999999999	95.102	1642.6	119.359	2098.38	0.001	1788.82	0.002
8	561.058	2179.91999999999	316.348	1759.96	482.461	2051.05999999999	43.531	1495.3	45.041	2344.39999999999	102.418	1678.86	106.465	2269.84	0.001	1855.3	0.002
9	559.591	2097.07999999999	234.095	1900.18	496.77	1896.71999999999	51.59	1288.86	59.655	1945.83999999999	145.801	1504.78	137.203	2214.58	0.001	1657.56	0.002
10	561.409	2579.93999999998	374.364	1544.2	486.118	2180.41999999999	33.372	1261.7	42.774	1929.83999999999	263.582	1198.92	212.98	2181.2	0.001	1804.76	0.002
11	558.928	2398.97999999999	409.534	1918.98	588.881	1697.4	54.724	1207.02	41.763	2022.47999999999	131.453	1884.38	115.563	2082.44	0.001	1834.16	0.002
12	558.905	2152.51999999999	256.277	1703.06	577.902	1928.47999999999	47.414	1378.32	59.475	1962.59999999999	157.054	1790.7	183.245	2104.26	0.001	1833.48	0.002
13	559.748	2115.73999999999	261.949	1745.88	509.386	1844.05999999999	55.146	1600.22	35.074	2131.03999999999	101.323	1785.43999999999	123.261	2203.36	0.001	1717.82	0.002
14	557.899	2371.21999999999	258.228	1887.82	598.184	2470.69999999999	35.249	1545.36	47.611	2141.4	105.621	1820.48	135.349	2104.6	0.001	1767.34	0.002
15	557.874	2325.71999999999	291.02	1736.98	468.251	2351.87999999999	36.574	1621.46	37.593	2404.21999999999	130.418	1737.04	137.428	2120.4	0.001	1783.28	0.002
16	558.147	2359.85999999999	384.78	1561.08	603.533	1461.08	64.866	1541.56	33.577	2268.05999999999	103.353	1679.24	243.132	2209.72	0.001	1678.02	0.002
17	560.096	2205.77999999999	199.131	1334.2	504.7	2154.85999999999	40.308	1396.34	54.518	2408.35999999999	198.713	1451.52	175.547	2054.4	0.002	1745.86	0.003
18	590.75	2393.05999999999	226.882	1829.11999999999	566.074	1973.23999999999	32.694	1528.18	35.746	2253.99999999999	163.873	1737.32	193.214	2148.58	0.001	1744.84	0.002
19	563.881	2345.65999999999	255.313	1643	521.229	2163.35999999999	49.467	1472.84	45.014	2295.23999999999	130.681	1684.1	144.894	1993.6	0.001	1794.02	0.002
20	563.878	2394.19999999999	200.161	1172.4	410.143	2012.75999999999	34.02	1466.56	58.954	2380.69999999999	117.229	1192.92	163.104	2159.18	0.001	1755.24	0.002
21	563.375	1871.73999999999	319.916	1646.5	456.564	2240.13999999999	30.868	1414.24	43.949	2197.33999999999	137.522	1481.94	176.399	2291.86	0.001	1833.14	0.002
22	564.912	2623.09999999999	214.308	1698.7	584.248	2405.95999999999	39.264	1563.2	55.885	1962.93999999999	135.599	1726.24	139.367	2043.12	0.001	1788.14	0.002
23	562.397	2554.21999999999	229.497	1466.2	701.356	1711.34	29.608	1399.12	44.814	2073.9	143.314	1260.48	164.164	2142.7	0.001	1777.4	0.002
24	564.24	2684.85999999998	246.738	1875.74	594.693	2350.39999999999	32.622	1510.5	55.794	2311.63999999999	166.876	1642.8	120.524	2048.66	0.001	1788.82	0.002
25	562.666	2021.05999999999	283.711	1850.8	553.711	2059.19999999999	56.065	1830.68	44.707	2103.25999999999	107.119	1759.38	119.835	2203.36	0.001	1849.42	0.002
26	565.032	2138.25999999999	185.645	1447.2	524.104	2120.83999999999	32.896	1577.88	57.495	2100.95999999999	177.844	1576.38	129.576	2120.54	0.001	1777.4	0.002
27	564.336	1976.23999999999	281.724	1592.32	711.668	2064.55999999999	28.652	1442.9	52.873	2024.89999999999	80.901	1202.6	164.567	2038.06	0.001	1738.62	0.002
28	564.584	1961.04	337.549	1485.06	623.286	2089.57999999999	48.447	1793.12	33.124	2526.05999999999	121.211	1770.36	138.066	2170.6	0.001	1850.1	0.002
29	564.129	2290.53999999999	273.899	1616.54	717.479	1842.3	48.302	1419.4	42.812	2364.21999999999	144.056	1826.2	145.776	2027.18	0.001	1717.14	0.002
30	564.739	2394.93999999999	219.536	1143.9	515.31	1950.83999999999	45.564	1692.94	55.822	2226.81999999999	112.617	1641.24	119.72	1988.88	0.001	1700.86	0.002
31	563.306	2246.45999999999	275.9	1401.66	650.716	2243.29999999999	41.282	1680.4	36.749	2182.25999999999	168.223	1539	172.093	2247.68	0.001	1754.9	0.002
32	564.129	2233.39999999999	322.372	1724.4	530.306	1715.02	49.735	1411.48	59.419	2607.51999999999	124.078	1561.64	144.561	2082.1	0.001	1766.32	0.002
33	565.82	2293.21999999999	345.227	1889.03999999999	500.01	2413.67999999999	48.518	1615.58	44.802	2647.05999999999	94.449	1862.02	175.628	2148.1	0.001	1745.18	0.003
34	563.85	2075.79999999999	296.232	1548.68	781.234	2061.19999999999	40.475	1598.62	50.678	1978.49999999999	130.468	1528.16	173.346	2065.48	0.001	1788.82	0.002
35	564.495	2613.51999999999	260.938	1652.7	508.253	1708.86	51.556	1675.5	51.886	1904.53999999999	165.623	1718.66	156.83	1987.86	0.001	1782.26	0.002
36	564.701	2659.11999999999	209.897	1271.08	447.702	1977.55999999999	53.717	1604.84	52.704	2131.67999999999	133.529	1839.24	117.984	2159.18	0.001	1804.42	0.002
37	565.229	2317.93999999999	305.305	1615.3	566.453	1637.38	54.127	1756.62	44.292	2059.21999999999	103.581	1672.88	156.342	2397.32	0.001	1927.66	0.002
38	564.44	2435.73999999999	286.78	1773.1	505.97	1991.56	45.964	1494.38	52.751	1994.37999999999	178.263	1525.04	120.208	2077.58	0.001	1850.44	0.002
39	565.011	2456.05999999998	205.853	1249.02	503.941	2144.73999999999	40.139	1527.86	35.106	2369.95999999999	151.734	1743.68	182.648	1921.86	0.001	1739.3	0.002
40	565.261	2740.21999999998	273.881	1798.44	581.235	2100.65999999999	39.539	1310.58	53.903	1947.96	144.455	1881.12	144.476	2120.74	0.001	1849.76	0.002
41	565.343	2022.47999999999	267.805	1784.11999999999	550.86	1982.89999999999	41.957	1688.34	49.144	2182.63999999999	117.414	1611.54	126.648	2154.12	0.001	1722.34	0.002
42	565.359	2579.21999999998	267.935	1472.08	741.268	2144.29999999999	74.096	1678.8	45.674	2235.23999999999	142.347	1680.16	103.972	2076.22	0.001	1611.88	0.002
43	565.339	2245.43999999999	212.471	1712.4	516.55	1939.24	45.185	1518.9	40.345	2321.93999999999	115.489	1514.5	153.308	2148.1	0.001	1760.78	0.002
44	566.468	2173.75999999999	275.524	1765.06	431.129	1988.04	64.491	1731.38	62.464	2094.69999999999	131.271	1664.42	148.091	2220.32	0.001	1805.78	0.002
45	565.223	2561.95999999999	208.022	1689.52	524.262	1703.77999999999	35.3	1474.6	43.244	2276.63999999999	194.349	1437.58	158.666	2094.2	0.001	1789.5	0.002
46	564.921	2199.13999999999	325.165	1873.64	489.626	1700.92	54.24	1851.48	44.028	2327.41999999999	145.949	1615.78	142.906	2028.4	0.001	1718.16	0.002
47	565.367	2280.09999999999	277.195	1883.02	532.198	2215.11999999999	51.401	1811.62	48.773	2312.31999999999	157.31	1661.5	197.795	2258.9	0.001	1849.08	0.002
48	565.304	2003.61999999999	250.289	1090.3	342.563	2287.33999999999	38.188	1352.24	39.452	2246.49999999999	102.475	1216.36	147.517	1977.12	0.001	1591.08	0.002
49	565.285	1852.68	358.727	1384.12	567.2	2028.97999999999	38.958	1588.28	42.297	2042.05999999999	97.396	1873.5	141.987	2330.84	0.001	1761.46	0.002
50	565.001	2238.79999999999	345.782	1650.96	762.705	2005.87999999999	38.67	1749.76	42.686	2488.45999999999	110.372	1898.76	136.509	2209.24	0.001	1827.6	0.002
51	564.57	2064.11999999999	241.807	1948.05999999999	485.69	2001.75999999999	51.677	1488.84	42.825	2015.57999999999	130.214	1656.64	145.856	1982.32	0.001	1677	0.002
52	565.828	2389.53999999999	237.459	1657.18	517.088	2067.83999999999	39.127	1176.9	57.339	2106.89999999999	146.397	1517.2	141.917	2115.2	0.001	1772.88	0.002
53	565.712	2016.97999999999	219.213	1628.86	534.849	1761.1	55.886	1584.68	52.896	2284.99999999999	113.37	1688.26	165.667	2220.12	0.001	1777.06	0.002
54	566.068	2276.39999999999	346.64	1327.34	563.179	1920.41999999999	46.667	1394.12	41.168	2358.33999999999	86.222	1515.12	94.874	2231.2	0.001	1843.54	0.002
55	565.127	2490.83999999999	186.03	1659.78	560.672	2302.41999999999	71.594	1470.8	68.749	2519.21999999998	110.735	1500.76	136.844	2170.6	0.001	1871.92	0.002
56	565.85	2286.45999999999	367.259	1731.12	498.777	2014.97999999999	33.361	1717.64	54.033	2404.21999999999	176.607	1621.58	147.689	1971.92	0.001	1695.32	0.002
57	565.999	2505.61999999998	206.926	1797.27999999999	444.503	2239.15999999999	28.649	1731.38	45.674	2267.01999999999	110.972	1806.76	153.375	2297.4	0.001	1850.44	0.002
58	565.608	2313.67999999999	285.353	1598.62	611.708	1921.61999999999	47.883	1571.64	47.721	2195.47999999999	102.263	1604.5	177.433	2148.58	0.001	1799.22	0.002
59	565.844	2222.81999999999	301.266	1401.6	623.18	1952.91999999999	65.743	1161.58	70.882	2276.51999999999	145.406	1552.6	156.217	2098.38	0.001	1672.82	0.002
60	565.875	1924.53999999999	395.196	1635.24	492.056	1952.33999999999	54.132	1384.94	45.751	1832.8	130.553	1427.6	170.948	2033.06	0.001	1696	0.002
61	566.506	2394.31999999999	233.03	1585.5	557.711	2073.16	40.924	1605.92	60.533	2337.09999999999	134.583	1751.16	136.879	2209.58	0.001	1717.82	0.002
62	566.287	2476.43999999999	367.146	1691	387.855	2051.37999999999	49.29	1586.94	42.912	1941.49999999999	117.807	1535.26	161.136	1983	0.001	1849.76	0.002
63	563.831	2309.63999999999	228.353	1803.62	498.516	1990.81999999999	57.86	1390.14	61.092	2270.95999999999	129.671	1437.96	150.693	2148.92	0.001	1772.54	0.002
64	563.707	2184.15999999999	292.096	1974.19999999999	426.275	1912.57999999999	43.295	1772.15999999999	57.506	2471.87999999999	91.777	1659.28	174.228	2137.84	0.001	1878.48	0.002
65	564.331	2505.45999999998	268.341	1690.14	482.994	2045.59999999999	38.064	1661.64	49.836	2510.29999999998	136.802	1492.48	164.474	2291.86	0.001	1810.64	0.002
66	562.293	2298.59999999999	253.362	1915.98	586.44	2248.49999999999	37.695	1398.48	37.487	1991.81999999999	139.574	1814.94	199.673	2198.3	0.001	1834.16	0.002
67	563.985	1965.26	284.218	1384.36	610.453	1538.86	42.298	1310.68	54.768	2126.95999999999	191.185	1631.18	170.267	1994.08	0.001	1755.58	0.002
68	563.828	2201.41999999999	312.375	1702.04	550.236	2236.49999999999	35.695	1641	37.087	1782.16	127.701	1459.18	140.817	2104.06	0.001	1794.36	0.002
69	591.162	2149.11999999999	240.545	1250.42	647.579	1820.33999999999	39.655	1538.16	58.497	2125.45999999999	112.2	1402.48	191.61	2004.82	0.001	1733.42	0.002
70	561.889	2075.53999999999	376.704	1666.88	687.783	2126.37999999999	37.09	1356.22	49.745	2322.71999999999	131.955	1411.76	139.462	2214.72	0.001	1776.72	0.002
71	560.339	2408.05999999999	226.986	1748.22	463.956	1913.26	63.931	1797.3	53.358	2429.01999999999	114.007	1655.3	213.456	2247.68	0.001	1843.88	0.002
72	562.693	2077.33999999999	309.453	1815.45999999999	617.073	2030.89999999999	27.151	1416.38	73.64	2204.09999999999	156.745	1719.82	149.099	2153.98	0.001	1871.92	0.002
73	560.739	2035.67999999999	288.811	1506.94	491.193	2354.69999999999	32.655	1406.36	55.709	2104.77999999999	192.09	1549.3	215.118	1893.82	0.001	1665.92	0.002
74	561.345	2050.48	358.879	1314.62	466.083	1768.83999999999	45.453	1486.68	41.965	2286.41999999999	144.635	1584.56	145.775	2020.96	0.001	1682.54	0.002
75	561.083	2391.99999999999	269.762	1655.9	599.788	2074.55999999999	41.577	1507.1	64.157	2053.45999999999	138.74	1448.62	125.852	2225.52	0.001	1799.56	0.002
76	561.266	2484.21999999999	244.009	1864.22	634.228	1991.51999999999	46.03	1648.34	66.423	2313.47999999999	147.849	1801.75999999999	137.638	2219.98	0.001	1771.52	0.002
77	561.375	2196.63999999999	230.202	1270.86	425.21	1869.95999999999	31.763	1548.2	32.821	2197.77999999999	90.155	1376	179.063	2043.12	0.001	1600.12	0.002
78	561.52	2145.37999999999	321.72	1679.88	503.628	2073.84	43.811	1230.46	53.994	2224.13999999999	122.293	1556.38	168.058	2038.4	0.001	1722.34	0.002
79	560.734	2194.17999999999	162.053	1626.72	585.533	1523.62	42.847	1536.66	47.804	2038.99999999999	148.246	1669	174.653	1927.4	0.001	1562.7	0.002
80	561.835	2112.71999999999	307.658	1513.34	490.713	1833.65999999999	43.661	1506.28	33.965	1899.61999999999	127.529	1567.96	184.966	2208.9	0.001	1810.64	0.002
81	560.94	2006.57999999999	273.008	1416.14	573.621	2055.11999999999	30.058	1762.64	38.449	1828.55999999999	130.933	1477.12	165.121	1933.48	0.001	1746.2	0.002
82	561.32	2567.01999999999	282.077	1774.08	516.72	1835.79999999999	42.969	1485.14	50.559	2289.87999999999	141.97	1785.58	137.29	2175.8	0.001	1783.62	0.002
83	562.229	1995.97999999999	379.299	1554.96	444.902	1927.69999999999	41.346	1751.11999999999	47.435	2237.75999999999	120.687	1703.26	131.987	2032.52	0.001	1716.12	0.002
84	561.165	2465.15999999999	261.731	1539.42	584.61	2093.11999999999	39.701	1807.42	40.338	2542.55999999999	152.105	1642.46	144.359	2187.22	0.001	1854.96	0.002
85	561.029	2385.39999999999	337.663	1535.7	560.007	2053.21999999999	29.684	1526.6	71.2	2070.87999999999	135.477	1412.02	102.539	1993.74	0.001	1695.32	0.002
86	561.519	2020.11999999999	247.692	1911.69999999999	409.258	2245.09999999999	40.423	1741.54	59.763	2418.63999999999	143.073	1835.09999999999	131.508	2094.4	0.001	1768.02	0.002
87	561.384	1992.71999999999	221.301	1508.86	553.883	2072.87999999999	46.052	1535.2	64.654	1999.93999999999	81.424	1701.7	190.238	2187.56	0.001	1744.84	0.002
88	561.483	2282.13999999999	201.706	1549.84	534.103	2059.23999999999	34.291	1433.86	57.783	2279.29999999999	116.262	1638.28	130.562	2214.78	0.001	1885.04	0.002
89	561.903	2399.63999999999	229.489	1688.2	734.34	2136.91999999999	40.634	1647.38	52.649	2286.41999999999	168.724	1557.8	169.085	2203.98	0.001	1805.78	0.003
90	562.819	2336.97999999999	204.453	1692.52	598.44	2207.03999999999	51.114	1352.38	58.064	2078.59999999999	141.742	1701.5	141.174	2131.48	0.001	1921.44	0.002
91	560.906	1978.1	247.233	1724.3	472.18	2395.31999999999	35.83	1675.26	36.532	2608.51999999999	113.388	1790.14	155.092	2164.86	0.001	1833.14	0.002
92	561.457	2293.19999999999	216.9	1421.68	601.548	2076.33999999999	28.859	1466.8	36.807	2379.37999999999	113.73	1509.7	202.997	2120.88	0.001	1805.78	0.003
93	560.884	2380.73999999999	234.065	1565.74	406.509	2062.11999999999	34.778	1695.28	48.802	2170.89999999999	135.377	1485.64	156.023	2259.24	0.001	1789.84	0.002
94	562.225	2445.87999999999	191.677	1784.32	592.533	2085.33999999999	76.016	1449.04	48.869	2178.51999999999	112.924	1486.8	183.447	2032.04	0.001	1778.08	0.002
95	562.09	2552.77999999999	210.895	1981.23999999999	368.149	1806.3	61.204	1515.72	42.074	2593.65999999999	117.402	1762.18	152.694	2181.2	0.001	1832.8	0.002
96	562.221	2370.65999999999	249.182	1869.7	455.995	2181.09999999999	33.971	1658.06	70.693	2191.21999999999	146.782	1824.26	149.726	2176.28	0.001	1772.2	0.002
97	562.763	2589.95999999999	323.715	1719.36	611.404	2248.83999999999	69.11	1872.08	39.697	2149.05999999999	124.231	1827.08	106.297	2060.08	0.001	1778.08	0.002
98	561.469	1991.21999999999	244.931	1466.24	577.603	2031.89999999999	54.953	1269.62	62.701	2106.83999999999	119.501	1272.54	163.471	1988.2	0.001	1629.52	0.002
99	561.496	2324.75999999999	229.184	1325.02	599.251	2087.05999999999	31.489	1323.18	58.936	2185.85999999999	107.542	1612.72	126.025	2220.32	0.001	1783.62	0.002
100	562.076	2520.59999999999	358.199	1580.98	387.648	2143.59999999999	50.035	2002.54	59.8	2221.61999999999	95.454	1632.24	126.215	2104.8	0.001	1735.46	0.002
101	563.125	2245.45999999999	271.843	1664.42	643.759	2253.25999999999	55.358	1606.04	55.37	2195.77999999999	164.726	1696.7	157.206	2087.3	0.001	1915.9	0.002
102	564.336	2517.45999999999	262.191	1732.45999999999	439.869	2274.19999999999	42.612	1655.94	46.907	2358.53999999999	174.507	1413.08	182.876	2175.8	0.001	1793.34	0.002
103	564.026	2451.55999999999	278.061	1540.7	468.779	1586.43999999999	52.505	1488.76	58.514	2033.35999999999	112.442	1560.48	117.126	2297.4	0.001	1822.06	0.002
104	563.068	2237.47999999999	253.539	1481.12	596.746	1999.47999999999	40.825	1112.5	45.317	1985.01999999999	172.68	1525.92	160.576	2082.24	0.001	1771.86	0.002
105	564.278	2706.27999999999	235.454	1872.96	410.185	2346.99999999999	55.781	1715.16	70.817	2346.87999999999	130.305	1878.3	152.864	2203.5	0.001	1921.44	0.002
106	563.618	2273.55999999999	356.274	1570.44	625.272	2122.05999999999	24.668	1715.87999999999	42.374	2227.59999999999	101.112	1724.2	208.409	2120.4	0.001	1738.28	0.002
107	561.915	2188.63999999999	200.546	1355.08	591.24	1729.8	61.02	1706.76	60.185	2238.65999999999	105.279	1450.74	180.492	2026.84	0.001	1706.06	0.002
108	562.542	1860.55999999999	308.868	1760.5	559.371	1927.39999999999	47.96	1681.1	46.92	2084.25999999999	122.396	1783.78	145.373	2148.1	0.001	1876.78	0.002
109	561.3	2435.75999999999	469.459	1855.18	418.636	2288.51999999999	55.145	1600.12	65.543	2397.67999999999	125.013	1751.02	141.109	2258.62	0.001	1865.7	0.002
110	562.956	2130.01999999999	243.39	1489.24	541.311	2218.89999999999	31.089	1447.78	49.473	2091.13999999999	175.39	1456.18	223.806	2291.86	0.001	1877.12	0.002
111	562.868	1892.7	301.579	1658.78	546.187	2031.45999999999	27.095	1661.02	48.421	2314.59999999999	160.216	1943.76	147.21	2153.98	0.001	1767.68	0.002
112	566.497	2462.33999999999	171.04	1626.66	538.919	1822.28	37.35	1765.45999999999	40.038	2383.85999999999	139.343	1817.36	122.241	2109.6	0.001	1645.12	0.002
113	563.406	2033.15999999999	300.617	1367.6	541.67	1878.78	44.872	1302.96	51.783	2218.61999999999	105.602	1521.6	150.966	2142.9	0.001	1854.96	0.002
114	562.322	2080.69999999999	231.851	1832	444.221	2023.78	55.798	1685.36	63.555	2095.17999999999	195.15	1560.36	155.004	2164.72	0.001	1782.94	0.002
115	563.321	2509.17999999999	335.597	1498.22	559.275	2444.97999999999	45.801	1784.42	33.963	2142.97999999999	137.198	1675.5	131.969	2176	0.001	1827.94	0.002
116	562.382	2277.75999999999	321.691	1595.72	445.78	2148.97999999999	25.581	1523.78	57.42	2148.33999999999	105.086	1632.2	139.236	1993.6	0.001	1839.02	0.002
117	562.115	1994.17999999999	219.172	1727.84	586.767	1866.79999999999	43.187	1669.13999999999	46.117	2200.73999999999	148.091	1817.36	165.682	2110	0.001	1717.82	0.002
118	564.616	1770.74	274.755	1354.34	359.362	1909.51999999999	41.587	1507.26	49.015	2226.01999999999	141.565	1648.63999999999	120.038	2275.38	0.001	1638.56	0.002
119	562.475	1950.06	259.908	1496.78	508.315	1609.41999999999	57.798	1605.48	47.376	2285.43999999999	80.466	1438.36	172.137	2155	0.001	1629.52	0.002
120	562.744	2124.85999999999	345.153	1392	452.559	1642.86	65.016	1569.98	43.238	2358.77999999999	83.095	1787.06	184.586	2187.22	0.001	1851.12	0.002
121	562.992	2095.08	233.79	1419.32	544.322	2241.83999999999	62.642	1565.18	47.04	2278.21999999999	80.179	1566.26	192.917	2153.98	0.001	1822.4	0.002
122	563.478	2326.41999999999	312.113	1527.88	528.404	1947.53999999999	47.825	1698	52.038	2673.59999999999	84.701	1731.1	146.305	2038.6	0.001	1794.7	0.002
123	562.405	2041.52	364.22	1604.9	644.613	2310.99999999999	31.467	1606.74	59.771	2399.79999999999	112.097	1728.46	121.374	1983.2	0.001	1761.8	0.002
124	563.557	1828.65999999999	308.613	1608.6	480.389	1725.96	73.021	1490.12	86.47	2119.33999999999	160.084	1191.78	147.946	2159.52	0.001	1795.04	0.002
125	563	2587.25999999998	237.79	1903.13999999999	504.048	2147.37999999999	40.928	1605.52	59.424	2085.05999999999	127.464	1914.7	136.455	2225.86	0.001	1800.92	0.002
126	561.478	2193.29999999999	230.013	2057.27999999999	404.926	2477.91999999999	49.965	1825.82	52.161	2402.87999999999	212.088	1452.88	168.724	2115.34	0.001	1828.62	0.002
127	563.757	2274.01999999999	187.841	1740.36	567.529	1886	32.442	1823.37999999999	61.753	2519.09999999999	119.236	1654.8	130.015	2258.9	0.001	1821.72	0.002
128	563.55	2081.31999999999	316.119	1595.62	450.512	2026.01999999999	32.391	1617.38	60.921	2229.55999999999	110.841	1491.86	160.242	2186.88	0.001	1722.68	0.002
129	563.33	2320.89999999999	385.687	1955.37999999999	545.303	2072.17999999999	46.358	2005.26	58.88	2302.83999999999	163.947	1665.78	171.28	2225.52	0.001	1932.18	0.002
130	562.884	2284.01999999999	311.532	1748.16	526.267	1896.93999999999	59.323	1572.82	35.846	2332.67999999999	120.708	1607.34	154.195	2098.38	0.001	1783.28	0.002
131	563.125	2306.27999999999	201.867	1610.34	464.792	2153.39999999999	42.65	1484.62	47.687	2139.77999999999	151.122	1557.06	177.901	2110	0.001	1700.52	0.002
132	561.899	2311.45999999999	309.855	1664	459.16	1969.14	43.893	1581.98	52.277	2365.81999999999	133.944	1150.36	161.087	2258.76	0.001	1871.24	0.002
133	563.753	2391.09999999999	290.032	1511.4	642.473	2276.29999999999	53.239	1873.98	44.867	2133.71999999999	127.204	1564.22	147.088	2081.9	0.001	1828.28	0.002
134	563.237	2447.41999999999	274.977	1779.97999999999	541.435	1999.27999999999	36.649	1612.58	57.296	2017.11999999999	186.641	1595.02	126.513	1977.46	0.001	1589.38	0.002
135	563.409	2582.73999999999	250.585	1833.64	652.129	2374.01999999999	33.331	1413.8	52.074	2292.63999999999	189.2	1561.2	157.684	2092.98	0.001	1816.18	0.002
136	562.528	2288.57999999999	402.233	1686.84	583.375	2083.25999999999	33.356	1391.74	56.261	2216.21999999999	129.583	1732.78	121.111	2121.22	0.001	1795.38	0.002
137	564.19	2472.29999999999	236.982	1669.61999999999	593.447	2237.71999999999	45.522	1763.8	50.918	2435.95999999999	131.03	1721.04	193.871	2214.58	0.001	1828.62	0.002
138	562.172	1893.93999999999	213.574	1449.08	475.955	2198.95999999999	57.482	1704.62	59.436	2062.65999999999	139.884	1304.22	159.226	2087.78	0.001	1772.2	0.002
139	562.492	2032.23999999999	296.171	1510.52	406.809	2004.49999999999	44.592	1184.7	56.756	2108.53999999999	163.513	1710.98	179.543	2115.34	0.001	1816.52	0.002
140	562.234	2167.35999999999	301.209	1789.66	614.055	2442.25999999999	30.076	1814.84	59.998	1762.42	104.082	1738.03999999999	151.061	2176	0.001	1789.5	0.002
141	563.352	2113.25999999999	296.614	1649.31999999999	385.691	2102.75999999999	35.872	1522.14	58.015	2386.71999999999	120.156	1595.9	154.742	2319.56	0.001	1987.92	0.002
142	563.624	2469.17999999999	244.1	1848.2	526.705	2575.43999999999	37.616	1605.04	56.683	2519.13999999998	155.53	1718.1	116.091	2303.08	0.001	1970.62	0.002
143	563.146	2447.99999999999	262.909	1740	484.203	2645.93999999998	30.945	1689.62	44.059	2584.95999999999	114.016	1601.68	222.457	1999.42	0.001	1666.94	0.002
144	562.888	2204.37999999999	217.266	1436.9	670.647	2046.47999999999	47.001	1565.46	64.624	2432.25999999999	159.564	1951.3	112.538	1971.92	0.001	1701.2	0.002
145	563.048	2291.51999999999	333.47	1430.54	447.066	2150.47999999999	34.708	1476.74	54.206	2396.97999999999	131.268	1818.24	171.518	2142.9	0.001	1811.32	0.002
146	564.87	2306.09999999999	298.581	1886.02	675.475	2307.65999999999	35.898	1896.86	46.346	2277.85999999999	133.606	1712.96	120.27	2170.4	0.001	1765.98	0.002
147	562.715	2240.57999999999	289.212	1733.92	565.925	2047.06	42.033	1173.56	56.479	2116.07999999999	138.556	1907.56	128.848	2247.68	0.001	1883	0.002
148	563.399	2382.69999999999	229.498	1755.29999999999	638.802	2284.15999999999	51.274	1371.4	49.409	2269.35999999999	98.902	1900.93999999999	160.148	2192.76	0.001	1827.6	0.002
149	562.724	2103.67999999999	294.916	1442.34	582.17	1797.05999999999	63.262	1774.06	38.841	2355.31999999999	181.808	1368.66	160.848	2165.4	0.001	1823.42	0.003
150	562.357	2191.59999999999	185.134	1375.74	537.77	1953.35999999999	55.843	1623.4	55.373	2016.39999999999	199.974	1589.76	136.597	2037.92	0.001	1794.36	0.002
151	563.162	2490.29999999999	216.237	1874.17999999999	555.939	2021.09999999999	62.23	1771.33999999999	43.992	2322.91999999999	146.684	1778.44	156.005	2153.78	0.001	1838	0.002
152	562.788	2524.73999999999	361.848	1521.94	813.724	2056.49999999999	50.447	1725.76	33.837	2668.01999999999	84.891	1867.22	171.986	2142.56	0.001	1915.56	0.002
153	562.922	2214.27999999999	197.171	1842.22	548.982	2148.71999999999	31.684	1714.7	41.746	2079.95999999999	124.071	1636.38	127.463	2110	0.001	1872.26	0.002
154	562.072	2466.31999999999	321.841	1705.22	468.097	1967.99999999999	53.811	1519.36	42.661	2422.37999999999	196.605	1558.34	127.635	2015.9	0.001	1810.98	0.002
155	562.846	2378.11999999999	358.83	1933.9	461.138	2007.28	49.627	1627.78	57.975	2679.83999999998	132.232	1633.18	186.008	2203.84	0.001	1716.8	0.002
156	561.901	2416.01999999999	321.768	1526.94	688.729	2003.78	42.815	1532.52	73.636	2064.89999999999	180.892	1723.38	147.78	2270.18	0.001	1771.86	0.002
157	563.338	2634.65999999999	317.426	1276.86	604.631	2332.21999999999	37.281	1418.2	46.365	1877.59999999999	162.661	1452.78	154.94	2214.58	0.001	1817.2	0.002
158	562.198	2294.41999999999	229.691	1530.5	450.298	2105.65999999999	35.377	1648.56	55.739	2192.37999999999	115.108	1375.46	133.061	2059.6	0.001	1805.1	0.002
159	563.845	2044.37999999999	295.681	1687.66	537.588	2056.33999999999	61.413	1649.7	46.727	1931.57999999999	207.437	1588.42	183.934	2071.02	0.001	1694.64	0.002
160	563.122	2205.49999999999	329.538	1431.78	564.987	1794.58	75.805	1664.44	39.611	2396.73999999999	111.12	1537.58	174.514	2103.92	0.001	1727.88	0.002
161	560.506	1802.12	263.574	1883.02	490.043	2324.31999999999	32.767	1730.2	47.496	2166.23999999999	130.005	1682.78	151.328	2048.66	0.001	1860.84	0.002
162	560.885	2398.71999999999	315.867	1636.24	457.365	1528.66	35.96	1633.42	46.089	2361.31999999999	89.732	1729.39999999999	122.102	2181.34	0.001	1754.9	0.002
163	560.052	2145.95999999999	414.677	1625.5	525.653	1705.86	43.602	1509.3	50.307	1896.51999999999	165.751	1375	246.695	2258.76	0.001	1755.24	0.002
164	560.894	2195.23999999998	146.389	1716.61999999999	417.313	1908.53999999999	48.011	1585.84	42.324	2368.87999999999	104.245	1807.09999999999	172.306	2125.94	0.001	1733.08	0.002
165	569.002	2448.23999999999	220.6	1688.18	580.522	1908.6	62.554	1581.82	40.288	2256.81999999999	124.789	1654.22	184.177	2220.66	0.001	1684.58	0.002
166	561.001	2543.49999999999	309.837	1575.78	735.24	2352.77999999999	47.1	1795.3	51.333	2364.07999999999	129.339	1768.18	219.941	2065.62	0.001	1812.34	0.002
167	561.175	2445.67999999999	196.141	1299.74	590.835	2047.48	35.408	1428.96	54.146	1939.37999999999	106.061	1621.46	211.738	2209.58	0.001	1823.76	0.002
168	561.273	2278.33999999999	290.794	1721.54	384.087	2335.67999999999	34.259	1166.98	50.938	2276.97999999999	121.208	1343.64	164.412	2059.6	0.001	1772.54	0.002
169	560.491	2273.39999999999	174.433	1590.76	531.582	2071.05999999999	39.4	1497.68	57.472	1940.47999999999	150.491	1715.6	134.887	2071.02	0.001	1751.06	0.002
170	560.634	2250.93999999999	286.433	1812.84	797.011	2078.45999999999	51.301	1754.48	57.178	2181.39999999999	129.286	1515.66	198.653	2143.24	0.001	1823.08	0.002
171	560.548	2188.57999999999	213.641	1575.64	542.387	1763.47999999999	58.061	1720.6	48.885	1990.13999999999	133.535	1450.26	154.879	2137.84	0.001	1861.52	0.002
172	562.265	2079.27999999999	287.798	1615.92	573.851	1941.11999999999	53.056	1409.14	37.477	2381.55999999999	132.153	1719.54	207.249	2010.22	0.001	1712.28	0.002
173	560.921	2014.47999999999	217.684	1643.28	486.946	2108.39999999999	31.996	1491.2	54.193	2283.69999999999	134.45	1538.12	185.084	2182.16	0.001	1756.6	0.002
174	559.637	2208.75999999999	251.427	1688.58	570.755	2126.63999999999	35.138	1184.98	62.881	2346.81999999999	173.11	1703.4	132.314	2270.66	0.001	1700.52	0.002
175	559.671	2314.01999999999	289.553	1750.16	719.741	1892.28	38.899	1847.54	81.462	2421.53999999999	192.926	1931.18	141.108	2214.44	0.001	1815.84	0.002
176	560.614	2293.95999999999	323.632	1540.84	510.347	1677.66	37.773	1380.88	43.953	2032.83999999999	116.572	1403.56	168.685	2154.46	0.001	1689.78	0.002
177	561.731	2577.33999999999	133.204	1387.62	511.547	2519.57999999999	54.544	1557.56	33.545	2376.21999999999	110.922	1599.04	178.004	2220.66	0.001	1816.52	0.002
178	561.671	2343.63999999999	238.463	1541.32	532.917	2287.07999999999	49.474	1838.74	36.756	2338.97999999999	145.457	1644.64	152.791	2292.4	0.001	1738.96	0.002
179	561.592	2317.53999999999	330.698	1583.06	470.132	2123.93999999999	50.786	1605.86	63.083	2393.45999999999	100.265	1567.72	115.239	2032.38	0.001	1799.9	0.002
180	561.638	2340.85999999999	255.816	1550.1	524.484	2068.09999999999	36.838	1429.26	49.707	2515.13999999999	127.339	1485.88	231.771	2120.4	0.001	1837.66	0.002
181	561.275	2251.01999999999	323.989	1115.24	589.194	2261.69999999999	57.243	1622.14	46.511	2376.31999999999	104.999	1946.68	133.004	1944.36	0.001	1728.9	0.002
182	559.787	2480.19999999999	185.886	1641.1	552.373	2241.25999999999	36.487	1593.14	49.278	2444.83999999999	96.197	1393.44	170.251	2115.2	0.001	1854.96	0.002
183	564.137	1960.03999999999	228.172	1719	566.174	2101.87999999999	37.26	1431.68	45.601	2399.29999999999	101.323	1699.2	159.913	2132.3	0.001	1728.22	0.002
184	563.742	2336.99999999999	219.27	1382.56	582.236	2034.53999999999	70.633	1235.18	69.883	2182.77999999999	142.8	1403.64	114.966	2137.16	0.001	1682.54	0.002
185	563.103	1970.69999999999	369.33	1656.56	624.93	2193.07999999999	52.742	1894.28	64.704	2430.25999999999	142.052	1550.66	224.422	2297.4	0.001	1915.9	0.002
186	562.624	2293.31999999999	341.318	1564.6	604.78	2045.53999999999	62.68	1659.42	48.789	2414.69999999999	111.595	1626.18	171.73	2126.76	0.001	1734.78	0.002
187	563.307	2335.13999999999	296.121	1233.8	883.67	1852.76	44.922	1474.2	43.131	1848.3	166.768	1202.96	141.551	1950.1	0.001	1629.52	0.002
188	563.161	2299.47999999999	280.982	1355.2	415.506	2277.69999999999	39.535	1355.86	39.655	2202.43999999999	177.641	1909.56	163.763	2026.5	0.001	1672.48	0.003
189	562.648	2197.85999999999	205.522	1702.84	454.78	1783.54	45.86	1514.84	52.046	2256.31999999999	148.651	1534.76	216.943	2092.84	0.001	1688.42	0.002
190	564.42	2411.11999999999	290.718	1439.58	524.292	2184.93999999999	54.205	1289.54	37.604	2053.87999999999	102.042	1533.16	190.55	2269.98	0.001	1788.82	0.002
191	563.601	2170.01999999999	271.909	1688.44	548.268	2235.17999999999	54.514	1506.44	40.773	2158.93999999999	145.204	1472.86	157.327	1932.8	0.001	1694.64	0.002
192	563.277	2377.59999999999	311.839	1612.62	659.697	2165.87999999999	55.872	1841.28	45.186	2408.93999999999	130.504	1527.04	155.004	2192.42	0.001	1789.16	0.002
193	566.248	2050.83999999999	346.647	1525.72	626.109	2384.03999999999	46.976	1593.86	60.967	2098.37999999999	112.995	1446.58	200.662	2020.96	0.001	1744.5	0.002
194	564.181	2139.01999999999	288.238	1603.88	549.484	1813.46	34.006	1539.1	46.23	1958.03999999999	153.212	1721.36	174.706	1833.5	0.001	1644.78	0.002
195	563.928	2056.09999999999	350.922	1516.5	559.992	1839.57999999999	46.8	1466.3	39.848	1791.6	208.077	1294.94	159.696	2164.72	0.001	1810.3	0.002
196	564.823	2410.13999999999	175.511	1605.82	517.234	1816.59999999999	47.639	1515.66	59.801	2351.37999999998	170.914	1768.64	137.266	2176	0.001	1705.72	0.003
197	564.642	2145.65999999999	236.199	1644.62	458.106	2269.93999999999	48.779	1638.48	61.676	2207.07999999999	102.888	1373.48	190.32	2142.56	0.001	1849.08	0.002
198	563.892	2074.71999999999	305.532	1226.56	422.396	2145.95999999999	48.821	1674.14	52.17	2437.17999999999	164.335	1767.16	153.447	2126.08	0.001	1816.52	0.002
199	564.655	2097.77999999999	219.609	1857.9	653.442	1894.75999999999	49.159	1570.92	52.776	2415.41999999999	145.434	1657.94	125.127	2093.52	0.001	1817.54	0.002
200	564.301	2478.01999999999	199.495	1620.44	661.767	1754.33999999999	36.568	1681.58	48.005	2110.91999999999	121.877	1608.38	135.872	2076.56	0.001	1755.58	0.002
201	563.861	2442.79999999999	197.745	1917.19999999999	527.568	2225.01999999999	30.3	1547.4	59.029	2678.69999999999	95.794	1800.56	208.131	2115	0.001	1717.82	0.002
202	562.646	2099.25999999999	339.929	1404.92	781.711	2183.41999999999	50.167	1732.42	47.517	2389.53999999999	107.24	1050.78	224.788	2142.9	0.001	1883	0.002
