2017-09-07 16:46:37:2686	../../../files/testListWithPickListSize100.txt
InstanceNumber	DistanceMatrixRunningTime	GACycleSwapTotalDistance	GACycleSwapRunningTime	GACycleInversionTotalDistance	GACycleInversionRunningTime	GAOrderedSwapTotalDistance	GAOrderedSwapRunningTime	GAOrderedInversionTotalDistance	GAOrderedInversionRunningTime	GAPMXSwapTotalDistance	GAPMXSwapRunningTime	GAPMXInversionTotalDistance	GAPMXInversionRunningTime	SShapeTravelledTotalDistance	SShapeRunningTime	LargestGapTravelledTotalDistance	LargestGapRunningTime
1	546,524	2429,05999999999	149,743	1644,12	657,614	2046,55999999999	35,926	1507,28	49,18	2519,01999999999	99,096	1602,32	138,278	2264,64	0,004	1849,42	0,007
2	549,022	2210,85999999999	293,423	1612,94	615,129	1904,47999999999	50,756	1537,88	55,645	2182,55999999999	182,387	1735,26	172,685	2099,6	0,001	1678,7	0,002
3	551,156	2629,79999999998	151,556	1838,84	401,305	2178,23999999999	32,731	1799,14	50,446	2306,75999999999	222,276	1578,52	149,843	2103,92	0,001	1821,38	0,002
4	553,727	1790,06	231,757	1720,82	479,645	2447,39999999999	25,18	1095,98	51,91	2269,17999999999	108,677	1586,2	198,159	2020,96	0,001	1823,08	0,002
5	555,763	2134,75999999999	277,92	1700,34	396,42	2197,61999999999	38,299	1496,1	61,62	2358,87999999999	119,129	1486,46	211,381	2187,22	0,001	1794,02	0,002
6	559,259	1967,83999999999	244,49	1408,8	589,285	2124,53999999999	35,104	1150,96	45,871	1962,83999999999	127,707	1617,34	141,733	1932,94	0,001	1601,14	0,002
7	558,19	1893,49999999999	318,239	1313,06	584,131	2200,63999999999	52,042	1495,26	52,019	1878,19999999999	95,102	1642,6	119,359	2098,38	0,001	1788,82	0,002
8	561,058	2179,91999999999	316,348	1759,96	482,461	2051,05999999999	43,531	1495,3	45,041	2344,39999999999	102,418	1678,86	106,465	2269,84	0,001	1855,3	0,002
9	559,591	2097,07999999999	234,095	1900,18	496,77	1896,71999999999	51,59	1288,86	59,655	1945,83999999999	145,801	1504,78	137,203	2214,58	0,001	1657,56	0,002
10	561,409	2579,93999999998	374,364	1544,2	486,118	2180,41999999999	33,372	1261,7	42,774	1929,83999999999	263,582	1198,92	212,98	2181,2	0,001	1804,76	0,002
11	558,928	2398,97999999999	409,534	1918,98	588,881	1697,4	54,724	1207,02	41,763	2022,47999999999	131,453	1884,38	115,563	2082,44	0,001	1834,16	0,002
12	558,905	2152,51999999999	256,277	1703,06	577,902	1928,47999999999	47,414	1378,32	59,475	1962,59999999999	157,054	1790,7	183,245	2104,26	0,001	1833,48	0,002
13	559,748	2115,73999999999	261,949	1745,88	509,386	1844,05999999999	55,146	1600,22	35,074	2131,03999999999	101,323	1785,43999999999	123,261	2203,36	0,001	1717,82	0,002
14	557,899	2371,21999999999	258,228	1887,82	598,184	2470,69999999999	35,249	1545,36	47,611	2141,4	105,621	1820,48	135,349	2104,6	0,001	1767,34	0,002
15	557,874	2325,71999999999	291,02	1736,98	468,251	2351,87999999999	36,574	1621,46	37,593	2404,21999999999	130,418	1737,04	137,428	2120,4	0,001	1783,28	0,002
16	558,147	2359,85999999999	384,78	1561,08	603,533	1461,08	64,866	1541,56	33,577	2268,05999999999	103,353	1679,24	243,132	2209,72	0,001	1678,02	0,002
17	560,096	2205,77999999999	199,131	1334,2	504,7	2154,85999999999	40,308	1396,34	54,518	2408,35999999999	198,713	1451,52	175,547	2054,4	0,002	1745,86	0,003
18	590,75	2393,05999999999	226,882	1829,11999999999	566,074	1973,23999999999	32,694	1528,18	35,746	2253,99999999999	163,873	1737,32	193,214	2148,58	0,001	1744,84	0,002
19	563,881	2345,65999999999	255,313	1643	521,229	2163,35999999999	49,467	1472,84	45,014	2295,23999999999	130,681	1684,1	144,894	1993,6	0,001	1794,02	0,002
20	563,878	2394,19999999999	200,161	1172,4	410,143	2012,75999999999	34,02	1466,56	58,954	2380,69999999999	117,229	1192,92	163,104	2159,18	0,001	1755,24	0,002
21	563,375	1871,73999999999	319,916	1646,5	456,564	2240,13999999999	30,868	1414,24	43,949	2197,33999999999	137,522	1481,94	176,399	2291,86	0,001	1833,14	0,002
22	564,912	2623,09999999999	214,308	1698,7	584,248	2405,95999999999	39,264	1563,2	55,885	1962,93999999999	135,599	1726,24	139,367	2043,12	0,001	1788,14	0,002
23	562,397	2554,21999999999	229,497	1466,2	701,356	1711,34	29,608	1399,12	44,814	2073,9	143,314	1260,48	164,164	2142,7	0,001	1777,4	0,002
24	564,24	2684,85999999998	246,738	1875,74	594,693	2350,39999999999	32,622	1510,5	55,794	2311,63999999999	166,876	1642,8	120,524	2048,66	0,001	1788,82	0,002
25	562,666	2021,05999999999	283,711	1850,8	553,711	2059,19999999999	56,065	1830,68	44,707	2103,25999999999	107,119	1759,38	119,835	2203,36	0,001	1849,42	0,002
26	565,032	2138,25999999999	185,645	1447,2	524,104	2120,83999999999	32,896	1577,88	57,495	2100,95999999999	177,844	1576,38	129,576	2120,54	0,001	1777,4	0,002
27	564,336	1976,23999999999	281,724	1592,32	711,668	2064,55999999999	28,652	1442,9	52,873	2024,89999999999	80,901	1202,6	164,567	2038,06	0,001	1738,62	0,002
28	564,584	1961,04	337,549	1485,06	623,286	2089,57999999999	48,447	1793,12	33,124	2526,05999999999	121,211	1770,36	138,066	2170,6	0,001	1850,1	0,002
29	564,129	2290,53999999999	273,899	1616,54	717,479	1842,3	48,302	1419,4	42,812	2364,21999999999	144,056	1826,2	145,776	2027,18	0,001	1717,14	0,002
30	564,739	2394,93999999999	219,536	1143,9	515,31	1950,83999999999	45,564	1692,94	55,822	2226,81999999999	112,617	1641,24	119,72	1988,88	0,001	1700,86	0,002
31	563,306	2246,45999999999	275,9	1401,66	650,716	2243,29999999999	41,282	1680,4	36,749	2182,25999999999	168,223	1539	172,093	2247,68	0,001	1754,9	0,002
32	564,129	2233,39999999999	322,372	1724,4	530,306	1715,02	49,735	1411,48	59,419	2607,51999999999	124,078	1561,64	144,561	2082,1	0,001	1766,32	0,002
33	565,82	2293,21999999999	345,227	1889,03999999999	500,01	2413,67999999999	48,518	1615,58	44,802	2647,05999999999	94,449	1862,02	175,628	2148,1	0,001	1745,18	0,003
34	563,85	2075,79999999999	296,232	1548,68	781,234	2061,19999999999	40,475	1598,62	50,678	1978,49999999999	130,468	1528,16	173,346	2065,48	0,001	1788,82	0,002
35	564,495	2613,51999999999	260,938	1652,7	508,253	1708,86	51,556	1675,5	51,886	1904,53999999999	165,623	1718,66	156,83	1987,86	0,001	1782,26	0,002
36	564,701	2659,11999999999	209,897	1271,08	447,702	1977,55999999999	53,717	1604,84	52,704	2131,67999999999	133,529	1839,24	117,984	2159,18	0,001	1804,42	0,002
37	565,229	2317,93999999999	305,305	1615,3	566,453	1637,38	54,127	1756,62	44,292	2059,21999999999	103,581	1672,88	156,342	2397,32	0,001	1927,66	0,002
38	564,44	2435,73999999999	286,78	1773,1	505,97	1991,56	45,964	1494,38	52,751	1994,37999999999	178,263	1525,04	120,208	2077,58	0,001	1850,44	0,002
39	565,011	2456,05999999998	205,853	1249,02	503,941	2144,73999999999	40,139	1527,86	35,106	2369,95999999999	151,734	1743,68	182,648	1921,86	0,001	1739,3	0,002
40	565,261	2740,21999999998	273,881	1798,44	581,235	2100,65999999999	39,539	1310,58	53,903	1947,96	144,455	1881,12	144,476	2120,74	0,001	1849,76	0,002
41	565,343	2022,47999999999	267,805	1784,11999999999	550,86	1982,89999999999	41,957	1688,34	49,144	2182,63999999999	117,414	1611,54	126,648	2154,12	0,001	1722,34	0,002
42	565,359	2579,21999999998	267,935	1472,08	741,268	2144,29999999999	74,096	1678,8	45,674	2235,23999999999	142,347	1680,16	103,972	2076,22	0,001	1611,88	0,002
43	565,339	2245,43999999999	212,471	1712,4	516,55	1939,24	45,185	1518,9	40,345	2321,93999999999	115,489	1514,5	153,308	2148,1	0,001	1760,78	0,002
44	566,468	2173,75999999999	275,524	1765,06	431,129	1988,04	64,491	1731,38	62,464	2094,69999999999	131,271	1664,42	148,091	2220,32	0,001	1805,78	0,002
45	565,223	2561,95999999999	208,022	1689,52	524,262	1703,77999999999	35,3	1474,6	43,244	2276,63999999999	194,349	1437,58	158,666	2094,2	0,001	1789,5	0,002
46	564,921	2199,13999999999	325,165	1873,64	489,626	1700,92	54,24	1851,48	44,028	2327,41999999999	145,949	1615,78	142,906	2028,4	0,001	1718,16	0,002
47	565,367	2280,09999999999	277,195	1883,02	532,198	2215,11999999999	51,401	1811,62	48,773	2312,31999999999	157,31	1661,5	197,795	2258,9	0,001	1849,08	0,002
48	565,304	2003,61999999999	250,289	1090,3	342,563	2287,33999999999	38,188	1352,24	39,452	2246,49999999999	102,475	1216,36	147,517	1977,12	0,001	1591,08	0,002
49	565,285	1852,68	358,727	1384,12	567,2	2028,97999999999	38,958	1588,28	42,297	2042,05999999999	97,396	1873,5	141,987	2330,84	0,001	1761,46	0,002
50	565,001	2238,79999999999	345,782	1650,96	762,705	2005,87999999999	38,67	1749,76	42,686	2488,45999999999	110,372	1898,76	136,509	2209,24	0,001	1827,6	0,002
51	564,57	2064,11999999999	241,807	1948,05999999999	485,69	2001,75999999999	51,677	1488,84	42,825	2015,57999999999	130,214	1656,64	145,856	1982,32	0,001	1677	0,002
52	565,828	2389,53999999999	237,459	1657,18	517,088	2067,83999999999	39,127	1176,9	57,339	2106,89999999999	146,397	1517,2	141,917	2115,2	0,001	1772,88	0,002
53	565,712	2016,97999999999	219,213	1628,86	534,849	1761,1	55,886	1584,68	52,896	2284,99999999999	113,37	1688,26	165,667	2220,12	0,001	1777,06	0,002
54	566,068	2276,39999999999	346,64	1327,34	563,179	1920,41999999999	46,667	1394,12	41,168	2358,33999999999	86,222	1515,12	94,874	2231,2	0,001	1843,54	0,002
55	565,127	2490,83999999999	186,03	1659,78	560,672	2302,41999999999	71,594	1470,8	68,749	2519,21999999998	110,735	1500,76	136,844	2170,6	0,001	1871,92	0,002
56	565,85	2286,45999999999	367,259	1731,12	498,777	2014,97999999999	33,361	1717,64	54,033	2404,21999999999	176,607	1621,58	147,689	1971,92	0,001	1695,32	0,002
57	565,999	2505,61999999998	206,926	1797,27999999999	444,503	2239,15999999999	28,649	1731,38	45,674	2267,01999999999	110,972	1806,76	153,375	2297,4	0,001	1850,44	0,002
58	565,608	2313,67999999999	285,353	1598,62	611,708	1921,61999999999	47,883	1571,64	47,721	2195,47999999999	102,263	1604,5	177,433	2148,58	0,001	1799,22	0,002
59	565,844	2222,81999999999	301,266	1401,6	623,18	1952,91999999999	65,743	1161,58	70,882	2276,51999999999	145,406	1552,6	156,217	2098,38	0,001	1672,82	0,002
60	565,875	1924,53999999999	395,196	1635,24	492,056	1952,33999999999	54,132	1384,94	45,751	1832,8	130,553	1427,6	170,948	2033,06	0,001	1696	0,002
61	566,506	2394,31999999999	233,03	1585,5	557,711	2073,16	40,924	1605,92	60,533	2337,09999999999	134,583	1751,16	136,879	2209,58	0,001	1717,82	0,002
62	566,287	2476,43999999999	367,146	1691	387,855	2051,37999999999	49,29	1586,94	42,912	1941,49999999999	117,807	1535,26	161,136	1983	0,001	1849,76	0,002
63	563,831	2309,63999999999	228,353	1803,62	498,516	1990,81999999999	57,86	1390,14	61,092	2270,95999999999	129,671	1437,96	150,693	2148,92	0,001	1772,54	0,002
64	563,707	2184,15999999999	292,096	1974,19999999999	426,275	1912,57999999999	43,295	1772,15999999999	57,506	2471,87999999999	91,777	1659,28	174,228	2137,84	0,001	1878,48	0,002
65	564,331	2505,45999999998	268,341	1690,14	482,994	2045,59999999999	38,064	1661,64	49,836	2510,29999999998	136,802	1492,48	164,474	2291,86	0,001	1810,64	0,002
66	562,293	2298,59999999999	253,362	1915,98	586,44	2248,49999999999	37,695	1398,48	37,487	1991,81999999999	139,574	1814,94	199,673	2198,3	0,001	1834,16	0,002
67	563,985	1965,26	284,218	1384,36	610,453	1538,86	42,298	1310,68	54,768	2126,95999999999	191,185	1631,18	170,267	1994,08	0,001	1755,58	0,002
68	563,828	2201,41999999999	312,375	1702,04	550,236	2236,49999999999	35,695	1641	37,087	1782,16	127,701	1459,18	140,817	2104,06	0,001	1794,36	0,002
69	591,162	2149,11999999999	240,545	1250,42	647,579	1820,33999999999	39,655	1538,16	58,497	2125,45999999999	112,2	1402,48	191,61	2004,82	0,001	1733,42	0,002
70	561,889	2075,53999999999	376,704	1666,88	687,783	2126,37999999999	37,09	1356,22	49,745	2322,71999999999	131,955	1411,76	139,462	2214,72	0,001	1776,72	0,002
71	560,339	2408,05999999999	226,986	1748,22	463,956	1913,26	63,931	1797,3	53,358	2429,01999999999	114,007	1655,3	213,456	2247,68	0,001	1843,88	0,002
72	562,693	2077,33999999999	309,453	1815,45999999999	617,073	2030,89999999999	27,151	1416,38	73,64	2204,09999999999	156,745	1719,82	149,099	2153,98	0,001	1871,92	0,002
73	560,739	2035,67999999999	288,811	1506,94	491,193	2354,69999999999	32,655	1406,36	55,709	2104,77999999999	192,09	1549,3	215,118	1893,82	0,001	1665,92	0,002
74	561,345	2050,48	358,879	1314,62	466,083	1768,83999999999	45,453	1486,68	41,965	2286,41999999999	144,635	1584,56	145,775	2020,96	0,001	1682,54	0,002
75	561,083	2391,99999999999	269,762	1655,9	599,788	2074,55999999999	41,577	1507,1	64,157	2053,45999999999	138,74	1448,62	125,852	2225,52	0,001	1799,56	0,002
76	561,266	2484,21999999999	244,009	1864,22	634,228	1991,51999999999	46,03	1648,34	66,423	2313,47999999999	147,849	1801,75999999999	137,638	2219,98	0,001	1771,52	0,002
77	561,375	2196,63999999999	230,202	1270,86	425,21	1869,95999999999	31,763	1548,2	32,821	2197,77999999999	90,155	1376	179,063	2043,12	0,001	1600,12	0,002
78	561,52	2145,37999999999	321,72	1679,88	503,628	2073,84	43,811	1230,46	53,994	2224,13999999999	122,293	1556,38	168,058	2038,4	0,001	1722,34	0,002
79	560,734	2194,17999999999	162,053	1626,72	585,533	1523,62	42,847	1536,66	47,804	2038,99999999999	148,246	1669	174,653	1927,4	0,001	1562,7	0,002
80	561,835	2112,71999999999	307,658	1513,34	490,713	1833,65999999999	43,661	1506,28	33,965	1899,61999999999	127,529	1567,96	184,966	2208,9	0,001	1810,64	0,002
81	560,94	2006,57999999999	273,008	1416,14	573,621	2055,11999999999	30,058	1762,64	38,449	1828,55999999999	130,933	1477,12	165,121	1933,48	0,001	1746,2	0,002
82	561,32	2567,01999999999	282,077	1774,08	516,72	1835,79999999999	42,969	1485,14	50,559	2289,87999999999	141,97	1785,58	137,29	2175,8	0,001	1783,62	0,002
83	562,229	1995,97999999999	379,299	1554,96	444,902	1927,69999999999	41,346	1751,11999999999	47,435	2237,75999999999	120,687	1703,26	131,987	2032,52	0,001	1716,12	0,002
84	561,165	2465,15999999999	261,731	1539,42	584,61	2093,11999999999	39,701	1807,42	40,338	2542,55999999999	152,105	1642,46	144,359	2187,22	0,001	1854,96	0,002
85	561,029	2385,39999999999	337,663	1535,7	560,007	2053,21999999999	29,684	1526,6	71,2	2070,87999999999	135,477	1412,02	102,539	1993,74	0,001	1695,32	0,002
86	561,519	2020,11999999999	247,692	1911,69999999999	409,258	2245,09999999999	40,423	1741,54	59,763	2418,63999999999	143,073	1835,09999999999	131,508	2094,4	0,001	1768,02	0,002
87	561,384	1992,71999999999	221,301	1508,86	553,883	2072,87999999999	46,052	1535,2	64,654	1999,93999999999	81,424	1701,7	190,238	2187,56	0,001	1744,84	0,002
88	561,483	2282,13999999999	201,706	1549,84	534,103	2059,23999999999	34,291	1433,86	57,783	2279,29999999999	116,262	1638,28	130,562	2214,78	0,001	1885,04	0,002
89	561,903	2399,63999999999	229,489	1688,2	734,34	2136,91999999999	40,634	1647,38	52,649	2286,41999999999	168,724	1557,8	169,085	2203,98	0,001	1805,78	0,003
90	562,819	2336,97999999999	204,453	1692,52	598,44	2207,03999999999	51,114	1352,38	58,064	2078,59999999999	141,742	1701,5	141,174	2131,48	0,001	1921,44	0,002
91	560,906	1978,1	247,233	1724,3	472,18	2395,31999999999	35,83	1675,26	36,532	2608,51999999999	113,388	1790,14	155,092	2164,86	0,001	1833,14	0,002
92	561,457	2293,19999999999	216,9	1421,68	601,548	2076,33999999999	28,859	1466,8	36,807	2379,37999999999	113,73	1509,7	202,997	2120,88	0,001	1805,78	0,003
93	560,884	2380,73999999999	234,065	1565,74	406,509	2062,11999999999	34,778	1695,28	48,802	2170,89999999999	135,377	1485,64	156,023	2259,24	0,001	1789,84	0,002
94	562,225	2445,87999999999	191,677	1784,32	592,533	2085,33999999999	76,016	1449,04	48,869	2178,51999999999	112,924	1486,8	183,447	2032,04	0,001	1778,08	0,002
95	562,09	2552,77999999999	210,895	1981,23999999999	368,149	1806,3	61,204	1515,72	42,074	2593,65999999999	117,402	1762,18	152,694	2181,2	0,001	1832,8	0,002
96	562,221	2370,65999999999	249,182	1869,7	455,995	2181,09999999999	33,971	1658,06	70,693	2191,21999999999	146,782	1824,26	149,726	2176,28	0,001	1772,2	0,002
97	562,763	2589,95999999999	323,715	1719,36	611,404	2248,83999999999	69,11	1872,08	39,697	2149,05999999999	124,231	1827,08	106,297	2060,08	0,001	1778,08	0,002
98	561,469	1991,21999999999	244,931	1466,24	577,603	2031,89999999999	54,953	1269,62	62,701	2106,83999999999	119,501	1272,54	163,471	1988,2	0,001	1629,52	0,002
99	561,496	2324,75999999999	229,184	1325,02	599,251	2087,05999999999	31,489	1323,18	58,936	2185,85999999999	107,542	1612,72	126,025	2220,32	0,001	1783,62	0,002
100	562,076	2520,59999999999	358,199	1580,98	387,648	2143,59999999999	50,035	2002,54	59,8	2221,61999999999	95,454	1632,24	126,215	2104,8	0,001	1735,46	0,002
101	563,125	2245,45999999999	271,843	1664,42	643,759	2253,25999999999	55,358	1606,04	55,37	2195,77999999999	164,726	1696,7	157,206	2087,3	0,001	1915,9	0,002
102	564,336	2517,45999999999	262,191	1732,45999999999	439,869	2274,19999999999	42,612	1655,94	46,907	2358,53999999999	174,507	1413,08	182,876	2175,8	0,001	1793,34	0,002
103	564,026	2451,55999999999	278,061	1540,7	468,779	1586,43999999999	52,505	1488,76	58,514	2033,35999999999	112,442	1560,48	117,126	2297,4	0,001	1822,06	0,002
104	563,068	2237,47999999999	253,539	1481,12	596,746	1999,47999999999	40,825	1112,5	45,317	1985,01999999999	172,68	1525,92	160,576	2082,24	0,001	1771,86	0,002
105	564,278	2706,27999999999	235,454	1872,96	410,185	2346,99999999999	55,781	1715,16	70,817	2346,87999999999	130,305	1878,3	152,864	2203,5	0,001	1921,44	0,002
106	563,618	2273,55999999999	356,274	1570,44	625,272	2122,05999999999	24,668	1715,87999999999	42,374	2227,59999999999	101,112	1724,2	208,409	2120,4	0,001	1738,28	0,002
107	561,915	2188,63999999999	200,546	1355,08	591,24	1729,8	61,02	1706,76	60,185	2238,65999999999	105,279	1450,74	180,492	2026,84	0,001	1706,06	0,002
108	562,542	1860,55999999999	308,868	1760,5	559,371	1927,39999999999	47,96	1681,1	46,92	2084,25999999999	122,396	1783,78	145,373	2148,1	0,001	1876,78	0,002
109	561,3	2435,75999999999	469,459	1855,18	418,636	2288,51999999999	55,145	1600,12	65,543	2397,67999999999	125,013	1751,02	141,109	2258,62	0,001	1865,7	0,002
110	562,956	2130,01999999999	243,39	1489,24	541,311	2218,89999999999	31,089	1447,78	49,473	2091,13999999999	175,39	1456,18	223,806	2291,86	0,001	1877,12	0,002
111	562,868	1892,7	301,579	1658,78	546,187	2031,45999999999	27,095	1661,02	48,421	2314,59999999999	160,216	1943,76	147,21	2153,98	0,001	1767,68	0,002
112	566,497	2462,33999999999	171,04	1626,66	538,919	1822,28	37,35	1765,45999999999	40,038	2383,85999999999	139,343	1817,36	122,241	2109,6	0,001	1645,12	0,002
113	563,406	2033,15999999999	300,617	1367,6	541,67	1878,78	44,872	1302,96	51,783	2218,61999999999	105,602	1521,6	150,966	2142,9	0,001	1854,96	0,002
114	562,322	2080,69999999999	231,851	1832	444,221	2023,78	55,798	1685,36	63,555	2095,17999999999	195,15	1560,36	155,004	2164,72	0,001	1782,94	0,002
115	563,321	2509,17999999999	335,597	1498,22	559,275	2444,97999999999	45,801	1784,42	33,963	2142,97999999999	137,198	1675,5	131,969	2176	0,001	1827,94	0,002
116	562,382	2277,75999999999	321,691	1595,72	445,78	2148,97999999999	25,581	1523,78	57,42	2148,33999999999	105,086	1632,2	139,236	1993,6	0,001	1839,02	0,002
117	562,115	1994,17999999999	219,172	1727,84	586,767	1866,79999999999	43,187	1669,13999999999	46,117	2200,73999999999	148,091	1817,36	165,682	2110	0,001	1717,82	0,002
118	564,616	1770,74	274,755	1354,34	359,362	1909,51999999999	41,587	1507,26	49,015	2226,01999999999	141,565	1648,63999999999	120,038	2275,38	0,001	1638,56	0,002
119	562,475	1950,06	259,908	1496,78	508,315	1609,41999999999	57,798	1605,48	47,376	2285,43999999999	80,466	1438,36	172,137	2155	0,001	1629,52	0,002
120	562,744	2124,85999999999	345,153	1392	452,559	1642,86	65,016	1569,98	43,238	2358,77999999999	83,095	1787,06	184,586	2187,22	0,001	1851,12	0,002
121	562,992	2095,08	233,79	1419,32	544,322	2241,83999999999	62,642	1565,18	47,04	2278,21999999999	80,179	1566,26	192,917	2153,98	0,001	1822,4	0,002
122	563,478	2326,41999999999	312,113	1527,88	528,404	1947,53999999999	47,825	1698	52,038	2673,59999999999	84,701	1731,1	146,305	2038,6	0,001	1794,7	0,002
123	562,405	2041,52	364,22	1604,9	644,613	2310,99999999999	31,467	1606,74	59,771	2399,79999999999	112,097	1728,46	121,374	1983,2	0,001	1761,8	0,002
124	563,557	1828,65999999999	308,613	1608,6	480,389	1725,96	73,021	1490,12	86,47	2119,33999999999	160,084	1191,78	147,946	2159,52	0,001	1795,04	0,002
125	563	2587,25999999998	237,79	1903,13999999999	504,048	2147,37999999999	40,928	1605,52	59,424	2085,05999999999	127,464	1914,7	136,455	2225,86	0,001	1800,92	0,002
126	561,478	2193,29999999999	230,013	2057,27999999999	404,926	2477,91999999999	49,965	1825,82	52,161	2402,87999999999	212,088	1452,88	168,724	2115,34	0,001	1828,62	0,002
127	563,757	2274,01999999999	187,841	1740,36	567,529	1886	32,442	1823,37999999999	61,753	2519,09999999999	119,236	1654,8	130,015	2258,9	0,001	1821,72	0,002
128	563,55	2081,31999999999	316,119	1595,62	450,512	2026,01999999999	32,391	1617,38	60,921	2229,55999999999	110,841	1491,86	160,242	2186,88	0,001	1722,68	0,002
129	563,33	2320,89999999999	385,687	1955,37999999999	545,303	2072,17999999999	46,358	2005,26	58,88	2302,83999999999	163,947	1665,78	171,28	2225,52	0,001	1932,18	0,002
130	562,884	2284,01999999999	311,532	1748,16	526,267	1896,93999999999	59,323	1572,82	35,846	2332,67999999999	120,708	1607,34	154,195	2098,38	0,001	1783,28	0,002
131	563,125	2306,27999999999	201,867	1610,34	464,792	2153,39999999999	42,65	1484,62	47,687	2139,77999999999	151,122	1557,06	177,901	2110	0,001	1700,52	0,002
132	561,899	2311,45999999999	309,855	1664	459,16	1969,14	43,893	1581,98	52,277	2365,81999999999	133,944	1150,36	161,087	2258,76	0,001	1871,24	0,002
133	563,753	2391,09999999999	290,032	1511,4	642,473	2276,29999999999	53,239	1873,98	44,867	2133,71999999999	127,204	1564,22	147,088	2081,9	0,001	1828,28	0,002
134	563,237	2447,41999999999	274,977	1779,97999999999	541,435	1999,27999999999	36,649	1612,58	57,296	2017,11999999999	186,641	1595,02	126,513	1977,46	0,001	1589,38	0,002
135	563,409	2582,73999999999	250,585	1833,64	652,129	2374,01999999999	33,331	1413,8	52,074	2292,63999999999	189,2	1561,2	157,684	2092,98	0,001	1816,18	0,002
136	562,528	2288,57999999999	402,233	1686,84	583,375	2083,25999999999	33,356	1391,74	56,261	2216,21999999999	129,583	1732,78	121,111	2121,22	0,001	1795,38	0,002
137	564,19	2472,29999999999	236,982	1669,61999999999	593,447	2237,71999999999	45,522	1763,8	50,918	2435,95999999999	131,03	1721,04	193,871	2214,58	0,001	1828,62	0,002
138	562,172	1893,93999999999	213,574	1449,08	475,955	2198,95999999999	57,482	1704,62	59,436	2062,65999999999	139,884	1304,22	159,226	2087,78	0,001	1772,2	0,002
139	562,492	2032,23999999999	296,171	1510,52	406,809	2004,49999999999	44,592	1184,7	56,756	2108,53999999999	163,513	1710,98	179,543	2115,34	0,001	1816,52	0,002
140	562,234	2167,35999999999	301,209	1789,66	614,055	2442,25999999999	30,076	1814,84	59,998	1762,42	104,082	1738,03999999999	151,061	2176	0,001	1789,5	0,002
141	563,352	2113,25999999999	296,614	1649,31999999999	385,691	2102,75999999999	35,872	1522,14	58,015	2386,71999999999	120,156	1595,9	154,742	2319,56	0,001	1987,92	0,002
142	563,624	2469,17999999999	244,1	1848,2	526,705	2575,43999999999	37,616	1605,04	56,683	2519,13999999998	155,53	1718,1	116,091	2303,08	0,001	1970,62	0,002
143	563,146	2447,99999999999	262,909	1740	484,203	2645,93999999998	30,945	1689,62	44,059	2584,95999999999	114,016	1601,68	222,457	1999,42	0,001	1666,94	0,002
144	562,888	2204,37999999999	217,266	1436,9	670,647	2046,47999999999	47,001	1565,46	64,624	2432,25999999999	159,564	1951,3	112,538	1971,92	0,001	1701,2	0,002
145	563,048	2291,51999999999	333,47	1430,54	447,066	2150,47999999999	34,708	1476,74	54,206	2396,97999999999	131,268	1818,24	171,518	2142,9	0,001	1811,32	0,002
146	564,87	2306,09999999999	298,581	1886,02	675,475	2307,65999999999	35,898	1896,86	46,346	2277,85999999999	133,606	1712,96	120,27	2170,4	0,001	1765,98	0,002
147	562,715	2240,57999999999	289,212	1733,92	565,925	2047,06	42,033	1173,56	56,479	2116,07999999999	138,556	1907,56	128,848	2247,68	0,001	1883	0,002
148	563,399	2382,69999999999	229,498	1755,29999999999	638,802	2284,15999999999	51,274	1371,4	49,409	2269,35999999999	98,902	1900,93999999999	160,148	2192,76	0,001	1827,6	0,002
149	562,724	2103,67999999999	294,916	1442,34	582,17	1797,05999999999	63,262	1774,06	38,841	2355,31999999999	181,808	1368,66	160,848	2165,4	0,001	1823,42	0,003
150	562,357	2191,59999999999	185,134	1375,74	537,77	1953,35999999999	55,843	1623,4	55,373	2016,39999999999	199,974	1589,76	136,597	2037,92	0,001	1794,36	0,002
151	563,162	2490,29999999999	216,237	1874,17999999999	555,939	2021,09999999999	62,23	1771,33999999999	43,992	2322,91999999999	146,684	1778,44	156,005	2153,78	0,001	1838	0,002
152	562,788	2524,73999999999	361,848	1521,94	813,724	2056,49999999999	50,447	1725,76	33,837	2668,01999999999	84,891	1867,22	171,986	2142,56	0,001	1915,56	0,002
153	562,922	2214,27999999999	197,171	1842,22	548,982	2148,71999999999	31,684	1714,7	41,746	2079,95999999999	124,071	1636,38	127,463	2110	0,001	1872,26	0,002
154	562,072	2466,31999999999	321,841	1705,22	468,097	1967,99999999999	53,811	1519,36	42,661	2422,37999999999	196,605	1558,34	127,635	2015,9	0,001	1810,98	0,002
155	562,846	2378,11999999999	358,83	1933,9	461,138	2007,28	49,627	1627,78	57,975	2679,83999999998	132,232	1633,18	186,008	2203,84	0,001	1716,8	0,002
156	561,901	2416,01999999999	321,768	1526,94	688,729	2003,78	42,815	1532,52	73,636	2064,89999999999	180,892	1723,38	147,78	2270,18	0,001	1771,86	0,002
157	563,338	2634,65999999999	317,426	1276,86	604,631	2332,21999999999	37,281	1418,2	46,365	1877,59999999999	162,661	1452,78	154,94	2214,58	0,001	1817,2	0,002
158	562,198	2294,41999999999	229,691	1530,5	450,298	2105,65999999999	35,377	1648,56	55,739	2192,37999999999	115,108	1375,46	133,061	2059,6	0,001	1805,1	0,002
159	563,845	2044,37999999999	295,681	1687,66	537,588	2056,33999999999	61,413	1649,7	46,727	1931,57999999999	207,437	1588,42	183,934	2071,02	0,001	1694,64	0,002
160	563,122	2205,49999999999	329,538	1431,78	564,987	1794,58	75,805	1664,44	39,611	2396,73999999999	111,12	1537,58	174,514	2103,92	0,001	1727,88	0,002
161	560,506	1802,12	263,574	1883,02	490,043	2324,31999999999	32,767	1730,2	47,496	2166,23999999999	130,005	1682,78	151,328	2048,66	0,001	1860,84	0,002
162	560,885	2398,71999999999	315,867	1636,24	457,365	1528,66	35,96	1633,42	46,089	2361,31999999999	89,732	1729,39999999999	122,102	2181,34	0,001	1754,9	0,002
163	560,052	2145,95999999999	414,677	1625,5	525,653	1705,86	43,602	1509,3	50,307	1896,51999999999	165,751	1375	246,695	2258,76	0,001	1755,24	0,002
164	560,894	2195,23999999998	146,389	1716,61999999999	417,313	1908,53999999999	48,011	1585,84	42,324	2368,87999999999	104,245	1807,09999999999	172,306	2125,94	0,001	1733,08	0,002
165	569,002	2448,23999999999	220,6	1688,18	580,522	1908,6	62,554	1581,82	40,288	2256,81999999999	124,789	1654,22	184,177	2220,66	0,001	1684,58	0,002
166	561,001	2543,49999999999	309,837	1575,78	735,24	2352,77999999999	47,1	1795,3	51,333	2364,07999999999	129,339	1768,18	219,941	2065,62	0,001	1812,34	0,002
167	561,175	2445,67999999999	196,141	1299,74	590,835	2047,48	35,408	1428,96	54,146	1939,37999999999	106,061	1621,46	211,738	2209,58	0,001	1823,76	0,002
168	561,273	2278,33999999999	290,794	1721,54	384,087	2335,67999999999	34,259	1166,98	50,938	2276,97999999999	121,208	1343,64	164,412	2059,6	0,001	1772,54	0,002
169	560,491	2273,39999999999	174,433	1590,76	531,582	2071,05999999999	39,4	1497,68	57,472	1940,47999999999	150,491	1715,6	134,887	2071,02	0,001	1751,06	0,002
170	560,634	2250,93999999999	286,433	1812,84	797,011	2078,45999999999	51,301	1754,48	57,178	2181,39999999999	129,286	1515,66	198,653	2143,24	0,001	1823,08	0,002
171	560,548	2188,57999999999	213,641	1575,64	542,387	1763,47999999999	58,061	1720,6	48,885	1990,13999999999	133,535	1450,26	154,879	2137,84	0,001	1861,52	0,002
172	562,265	2079,27999999999	287,798	1615,92	573,851	1941,11999999999	53,056	1409,14	37,477	2381,55999999999	132,153	1719,54	207,249	2010,22	0,001	1712,28	0,002
173	560,921	2014,47999999999	217,684	1643,28	486,946	2108,39999999999	31,996	1491,2	54,193	2283,69999999999	134,45	1538,12	185,084	2182,16	0,001	1756,6	0,002
174	559,637	2208,75999999999	251,427	1688,58	570,755	2126,63999999999	35,138	1184,98	62,881	2346,81999999999	173,11	1703,4	132,314	2270,66	0,001	1700,52	0,002
175	559,671	2314,01999999999	289,553	1750,16	719,741	1892,28	38,899	1847,54	81,462	2421,53999999999	192,926	1931,18	141,108	2214,44	0,001	1815,84	0,002
176	560,614	2293,95999999999	323,632	1540,84	510,347	1677,66	37,773	1380,88	43,953	2032,83999999999	116,572	1403,56	168,685	2154,46	0,001	1689,78	0,002
177	561,731	2577,33999999999	133,204	1387,62	511,547	2519,57999999999	54,544	1557,56	33,545	2376,21999999999	110,922	1599,04	178,004	2220,66	0,001	1816,52	0,002
178	561,671	2343,63999999999	238,463	1541,32	532,917	2287,07999999999	49,474	1838,74	36,756	2338,97999999999	145,457	1644,64	152,791	2292,4	0,001	1738,96	0,002
179	561,592	2317,53999999999	330,698	1583,06	470,132	2123,93999999999	50,786	1605,86	63,083	2393,45999999999	100,265	1567,72	115,239	2032,38	0,001	1799,9	0,002
180	561,638	2340,85999999999	255,816	1550,1	524,484	2068,09999999999	36,838	1429,26	49,707	2515,13999999999	127,339	1485,88	231,771	2120,4	0,001	1837,66	0,002
181	561,275	2251,01999999999	323,989	1115,24	589,194	2261,69999999999	57,243	1622,14	46,511	2376,31999999999	104,999	1946,68	133,004	1944,36	0,001	1728,9	0,002
182	559,787	2480,19999999999	185,886	1641,1	552,373	2241,25999999999	36,487	1593,14	49,278	2444,83999999999	96,197	1393,44	170,251	2115,2	0,001	1854,96	0,002
183	564,137	1960,03999999999	228,172	1719	566,174	2101,87999999999	37,26	1431,68	45,601	2399,29999999999	101,323	1699,2	159,913	2132,3	0,001	1728,22	0,002
184	563,742	2336,99999999999	219,27	1382,56	582,236	2034,53999999999	70,633	1235,18	69,883	2182,77999999999	142,8	1403,64	114,966	2137,16	0,001	1682,54	0,002
185	563,103	1970,69999999999	369,33	1656,56	624,93	2193,07999999999	52,742	1894,28	64,704	2430,25999999999	142,052	1550,66	224,422	2297,4	0,001	1915,9	0,002
186	562,624	2293,31999999999	341,318	1564,6	604,78	2045,53999999999	62,68	1659,42	48,789	2414,69999999999	111,595	1626,18	171,73	2126,76	0,001	1734,78	0,002
187	563,307	2335,13999999999	296,121	1233,8	883,67	1852,76	44,922	1474,2	43,131	1848,3	166,768	1202,96	141,551	1950,1	0,001	1629,52	0,002
188	563,161	2299,47999999999	280,982	1355,2	415,506	2277,69999999999	39,535	1355,86	39,655	2202,43999999999	177,641	1909,56	163,763	2026,5	0,001	1672,48	0,003
189	562,648	2197,85999999999	205,522	1702,84	454,78	1783,54	45,86	1514,84	52,046	2256,31999999999	148,651	1534,76	216,943	2092,84	0,001	1688,42	0,002
190	564,42	2411,11999999999	290,718	1439,58	524,292	2184,93999999999	54,205	1289,54	37,604	2053,87999999999	102,042	1533,16	190,55	2269,98	0,001	1788,82	0,002
191	563,601	2170,01999999999	271,909	1688,44	548,268	2235,17999999999	54,514	1506,44	40,773	2158,93999999999	145,204	1472,86	157,327	1932,8	0,001	1694,64	0,002
192	563,277	2377,59999999999	311,839	1612,62	659,697	2165,87999999999	55,872	1841,28	45,186	2408,93999999999	130,504	1527,04	155,004	2192,42	0,001	1789,16	0,002
193	566,248	2050,83999999999	346,647	1525,72	626,109	2384,03999999999	46,976	1593,86	60,967	2098,37999999999	112,995	1446,58	200,662	2020,96	0,001	1744,5	0,002
194	564,181	2139,01999999999	288,238	1603,88	549,484	1813,46	34,006	1539,1	46,23	1958,03999999999	153,212	1721,36	174,706	1833,5	0,001	1644,78	0,002
195	563,928	2056,09999999999	350,922	1516,5	559,992	1839,57999999999	46,8	1466,3	39,848	1791,6	208,077	1294,94	159,696	2164,72	0,001	1810,3	0,002
196	564,823	2410,13999999999	175,511	1605,82	517,234	1816,59999999999	47,639	1515,66	59,801	2351,37999999998	170,914	1768,64	137,266	2176	0,001	1705,72	0,003
197	564,642	2145,65999999999	236,199	1644,62	458,106	2269,93999999999	48,779	1638,48	61,676	2207,07999999999	102,888	1373,48	190,32	2142,56	0,001	1849,08	0,002
198	563,892	2074,71999999999	305,532	1226,56	422,396	2145,95999999999	48,821	1674,14	52,17	2437,17999999999	164,335	1767,16	153,447	2126,08	0,001	1816,52	0,002
199	564,655	2097,77999999999	219,609	1857,9	653,442	1894,75999999999	49,159	1570,92	52,776	2415,41999999999	145,434	1657,94	125,127	2093,52	0,001	1817,54	0,002
200	564,301	2478,01999999999	199,495	1620,44	661,767	1754,33999999999	36,568	1681,58	48,005	2110,91999999999	121,877	1608,38	135,872	2076,56	0,001	1755,58	0,002

2017-09-09 20:53:33:9626	../../../files/testListWithPickListSize100_part03.txt
InstanceNumber	DistanceMatrixRunningTime	GACycleSwapTotalDistance	GACycleSwapRunningTime	GACycleInversionTotalDistance	GACycleInversionRunningTime	GAOrderedSwapTotalDistance	GAOrderedSwapRunningTime	GAOrderedInversionTotalDistance	GAOrderedInversionRunningTime	GAPMXSwapTotalDistance	GAPMXSwapRunningTime	GAPMXInversionTotalDistance	GAPMXInversionRunningTime	SShapeTravelledTotalDistance	SShapeRunningTime	LargestGapTravelledTotalDistance	LargestGapRunningTime
1	400,692	2716,45999999998	168,408	1357,86	563,102	2516,11999999999	26,907	1375,36	22,913	2433,85999999999	87,719	1582,68	89,887	2115	0,001	1717,82	0,002
2	344,423	2512,49999999999	237,688	1392,02	325,408	2323,49999999999	20,271	1576,34	30,212	2259,29999999999	77,946	1639,54	76,446	2142,9	0,001	1883	0,002
3	340,194	2263,47999999999	179,65	1444,44	576,967	1827,02	33,863	1521,1	28,417	2066,25999999999	95,865	1344,42	90,667	2027,18	0,001	1646,14	0,002
4	342,788	2091,15999999999	347,782	1476,6	513,581	1978,67999999999	34,103	1662,76	35,172	1931,66	66,386	1415,62	99,335	2214,78	0,002	1827,26	0,003
5	340,641	2526,01999999999	305,336	1630,6	562,218	2408,55999999999	38,931	1758,84	39,855	2566,35999999999	79,206	1490,58	124,031	2175,8	0,001	1843,2	0,002
6	340,508	2121,81999999999	268,935	1786,02	456,839	2242,03999999999	35,492	1472,66	25,025	1816,22	52,663	1663,06	106,079	2054,4	0,001	1771,86	0,002
7	344,825	2186,55999999999	302,861	1758,12	374,845	2299,05999999999	29,023	1530,68	29,168	2288,15999999999	101,465	1715,54	130,638	2098,72	0,001	1749,7	0,002
8	341,789	2438,91999999999	175,968	1802,3	467,187	1951,21999999999	31,958	1585,6	35,395	2237,41999999999	61,311	1375,22	74,205	2170,26	0,001	1782,6	0,002
9	342,843	2517,49999999999	247,629	1739,12	448,462	2416,45999999999	23,524	1667,2	48,492	1967,29999999999	132,003	1878,02	80,068	2115	0,001	1771,52	0,002
10	342,916	2177,69999999999	226,244	1369	471,817	2224,13999999999	43,902	1359,72	39,464	1981,19999999999	96,45	1525,1	94,536	1989,22	0,001	1663,44	0,002
11	342,298	2432,89999999999	308,241	1836,24	459,822	2275,27999999999	35,46	1624,74	38,042	2259,35999999999	106,625	1532,94	98,251	2115,34	0,001	1823,08	0,002
12	357,273	2438,55999999999	184,596	1627,54	683,825	2069,73999999999	35,009	1797,44	29,063	2580,87999999998	58,26	1722,06	113,764	2198,16	0,002	1855,3	0,003
13	462,025	2364,11999999999	190,529	1392,38	454,515	2386,71999999999	23,728	1545,84	44,117	2293,69999999999	75,11	1490,54	98,835	1971,72	0,001	1716,12	0,002
14	368,944	2148,43999999999	254,162	1301,96	496,242	1694,51999999999	29,641	1431,94	39,042	2118,79999999999	76,124	1160,32	102,906	2054,88	0,001	1712,28	0,002
15	343,876	2390,21999999999	201,501	1590,76	395,948	1839,32	34,807	1683,72	36,88	2479,19999999999	61,225	1736,16	108,478	2115,2	0,001	1839,02	0,002
16	344,038	2119,87999999999	274,482	1351,16	494,429	2045,05999999999	26,051	1388,44	40,605	1997,39999999999	100,677	1411,48	90,54	2021,1	0,002	1727,54	0,003
17	342,52	2427,69999999999	234,539	1458,9	520,929	1861,52	30,689	1772,02	33,74	2387,83999999999	58,166	1906,29999999999	99,096	2120,68	0,001	1682,88	0,002
18	349,846	2280,87999999999	237,936	1616,08	507,789	2239,85999999999	42,115	1597,52	44,076	2110,81999999999	103,403	1424,52	105,601	2203,36	0,001	1899,96	0,002
19	414,035	2458,97999999999	257,597	1796,26	383,825	2058,13999999999	36,532	1698,12	38,213	2211,65999999999	78,905	1841,76	83,744	2049,2	0,001	1799,56	0,002
20	432,826	2653,03999999998	157,467	1791,89999999999	487,421	2173,25999999999	27,049	1526,12	28,383	2153,37999999999	79,508	1784,26	107,863	2187,08	0,001	1899,96	0,002
21	428,049	2057,19999999999	204,993	1658,8	380,342	1738,02	45,582	1472,9	34,301	2103,97999999999	65,739	1299,66	100,674	2203,5	0,001	1772,2	0,002
22	1829,069	2421,03999999999	294,603	1484,2	414,193	2005,21999999999	51,239	1762,88	37,569	2242,27999999999	115,48	1919,66	108,505	2061,3	0,001	1779,44	0,002
23	430,938	2243,83999999999	230,706	1679,2	361,806	1963,56	37,005	1264,56	23,215	2224,91999999999	71,889	1694,12	80,13	2087,78	0,002	1766,66	0,003
24	1827,656	2188,71999999999	250,934	1537,38	496,519	2242,27999999999	38,192	1825,88	36,241	2090,11999999999	112,253	1586,32	77,652	2265,32	0,001	1807,14	0,002
25	421,334	2002,97999999999	279,949	1651,84	518,71	1631,47999999999	51,144	1388,84	45,447	2084,33999999999	138,309	1266,12	90,956	2137,36	0,001	1727,2	0,002
26	1676,578	2382,71999999999	390,726	1261,5	520,864	2218,35999999999	50,471	1120,72	28,554	2177,69999999999	85,662	1651,7	92,228	2166,28	0,001	1797,08	0,002
27	1828,301	2089,29999999999	339,167	1608,88	543,825	2144,33999999999	41,363	1404,18	49,278	2308,47999999999	80,16	1875,2	90,273	2176	0,001	1893,4	0,002
28	353,904	2285,05999999999	284,597	1724,6	519,583	1853,85999999999	46,731	1394,56	41,741	2000,93999999999	139,781	1549,54	120,962	2076,9	0,001	1832,8	0,002
29	366,558	2354,73999999999	242,913	1322,86	718,31	2013,51999999999	33,691	1265,36	27,612	1952,95999999999	77,652	1408,7	134,021	2081,76	0,001	1665,92	0,002
30	343,162	2175,27999999999	190,287	1527,08	479,038	1918,21999999999	36,146	1675,64	37,17	2432,49999999998	58,042	1953,28	71,816	1962,2	0,001	1653,38	0,002
31	340,887	2289,13999999999	223,87	1778,38	457,385	1937,11999999999	23,755	1176,62	28,04	2407,03999999999	79,843	1654,12	73,023	2065,42	0,002	1632,68	0,003
32	341,085	2465,55999999999	209,202	1568	399,281	1882,06	36,637	1618,44	35,476	1877,73999999999	81,27	1612,92	79,488	2059,6	0,001	1771,86	0,002
33	344,539	2205,59999999999	236,244	1772,16	570,406	2363,81999999999	29,908	1766,82	33,195	2662,55999999998	81,407	1886,8	103,794	2269,84	0,001	1804,42	0,002
34	349,745	2229,69999999999	222,24	1332,6	527,818	1721,16	37,964	1749,42	30,681	2321,85999999999	139,329	1827,14	96,602	2280,78	0,001	1854,96	0,002
35	347,736	2455,09999999999	217,531	1882,52	497,968	2305,35999999999	28,575	1722,8	23,024	2154,03999999999	84,679	1947,84	94,503	2159,32	0,001	1827,94	0,002
36	378,817	2151,35999999999	180,17	1417,16	493,981	2044,2	22,152	1522,42	32,237	2263,17999999999	57,976	1635,96	73,612	2010,22	0,001	1689,44	0,002
37	635,2	2044,89999999999	267,74	1549,22	536,436	1355,9	33,66	934,680000000001	35,655	2128,49999999999	80,33	1453,9	103,837	2110	0,001	1667,96	0,002
38	817,396	2323,23999999999	377,209	1594,1	593,73	2148,77999999999	49,432	1955,99999999999	37,109	2560,83999999999	78,109	1872,04	93,822	2181,34	0,001	1876,78	0,002
39	369,804	1861,17999999999	244,934	1169,8	519,63	1766,65999999999	33,039	1410,8	37,696	2151,15999999999	112,176	1440,44	101,914	2203,7	0,001	1662,08	0,002
40	348,934	2226,45999999999	234,593	1603,28	461,022	1734,56	30,958	1629,06	27,502	2326,79999999999	69,539	1283,6	104,991	2010,02	0,001	1738,62	0,002
41	345,366	2520,93999999998	179,174	1626,82	413,699	2088,85999999999	29,605	1738,58	29,675	2370,73999999999	118,588	1462,26	97,539	2269,7	0,001	1711,26	0,003
42	343,805	2221,17999999999	206,184	1875,09999999999	539,439	2225,55999999999	34,597	1912,99999999999	29,931	2449,17999999999	74,942	1752,38	102,152	2099,06	0,001	1906,52	0,002
43	346,479	2035,87999999999	286,261	1690,76	537,504	2166,69999999999	39,077	1482,24	29,849	2303,71999999999	106,298	1689,22	97,417	2197,96	0,002	1871,92	0,002
44	401,558	1970,17999999999	205,453	1395,48	479,402	1802,73999999999	26,605	1561	35,891	1822,49999999999	98,971	1555,38	65,821	1938,48	0,001	1694,98	0,002
45	350,928	2003,55999999999	272,344	1151,38	577,459	2391,43999999999	36,197	1248,48	38,786	2268,67999999999	79,022	1570,58	136,396	2071,16	0,001	1739,3	0,002
46	379,514	2370,75999999999	304,125	1589,06	444,586	2109,29999999999	30,203	1545,4	32,311	2225,95999999999	71,367	1892,49999999999	67,107	2225,52	0,001	1760,78	0,002
47	365,426	2631,31999999998	175,521	1838,46	485,576	2350,15999999999	28,585	1530,88	27,684	2292,81999999999	110,203	1454,68	102,577	2115	0,001	1843,2	0,002
48	343,699	2106,53999999999	242,791	1267,86	466,178	1776,73999999999	36,719	1401,02	37,206	1901,22	81,759	1499,72	90,862	2220,32	0,001	1782,6	0,002
49	350,535	2134,67999999999	255,086	1691,08	425,976	2052,25999999999	31,985	996,560000000001	32,255	2149,21999999999	111,583	1335,68	103,685	2209,38	0,001	1794,36	0,003
50	346,777	2146,83999999999	198,527	1444,58	573,138	1914,47999999999	36,47	1617,52	31,356	1993,37999999999	156,655	1899,92	82,129	2043,46	0,001	1782,94	0,002
51	344,247	1901,16	248,819	1638,28	450,546	2226,81999999999	18,845	1334,06	28,522	2237,17999999999	73,595	1227,06	108,328	2209,38	0,001	1826,92	0,002
52	607,301	2506,81999999998	233,761	1734,56	446,092	2274,65999999999	37,704	1727,22	22,102	2349,57999999999	105,682	1447,04	71,981	2026,84	0,001	1727,88	0,002
53	542,78	2387,23999999999	220,349	1382,32	458,081	1735,64	28,998	1717,1	27,546	2264,15999999999	86,376	1497,98	107,855	2137,7	0,001	1750,38	0,002
54	585,129	1926,24	283,141	1924,41999999999	450,808	2033,35999999999	46,325	1448,94	26,683	1891,88	100,069	1582	116,852	2115	0,001	1717,48	0,002
55	506,383	2488,41999999999	211,92	1770,38	447,888	2157,77999999999	17,65	1572,86	27,963	1968,89999999999	86,063	1441,4	130,435	2170,26	0,001	1771,18	0,003
56	555,053	2119,09999999999	231,534	1821,8	380,937	1984,68	30,268	1624,1	38,328	2437,09999999999	89,396	1342,24	107,154	2153,98	0,001	1777,4	0,002
57	691,002	1870,99999999999	185,756	1615,44	433,201	2011,87999999999	34,781	1567,32	47,384	2003,37999999999	91,544	1537,06	90,73	2004,82	0,001	1667,28	0,002
58	798,787	1851,15999999999	214,147	1548,28	499,064	1971,53999999999	30,008	1446,68	35,194	2212,21999999999	79,075	1589,34	121,373	2037,72	0,001	1705,04	0,002
59	380,722	2098,47999999999	185,13	1650,42	506,199	2031,93999999999	32,905	1196,86	39,602	2273,27999999999	87,952	1144,62	106,338	2004,82	0,001	1617,08	0,002
60	718,408	1839,26	281,736	1524,3	406,867	1986,87999999999	31,541	1624,14	46,712	2401,07999999999	78,26	1525,58	101,792	2375,16	0,002	1844,56	0,004
61	424,412	2437,41999999999	178,413	1570,64	434,365	1910,29999999999	30,837	1870,15999999999	21,072	2228,71999999999	73,085	1643,68	120,96	2049,34	0,001	1800,24	0,002
62	383,648	2170,89999999999	239,32	1460,8	437,674	1886,93999999999	23,037	1432,62	40,833	1857,74	85,006	934,480000000001	84,065	2253,22	0,001	1821,38	0,002
63	553,4	1853,12	252,368	1404,32	419,068	2151,09999999999	29,76	1465,8	37,029	2182,31999999999	134,482	1666,76	129,953	2081,9	0,001	1799,22	0,002
64	532,481	2341,23999999999	195,245	1760,08	404,671	2270,27999999999	33,527	1590,84	28,988	1906,95999999999	77,153	1777,56	139,177	2071,16	0,001	1717,14	0,002
65	757,432	2313,49999999999	271,661	1772,36	417,713	1749,14	19,705	1871,02	33,244	2550,07999999998	76,452	1446,32	112,316	2009,88	0,001	1754,9	0,002
66	566,067	2117,57999999999	320,301	1828,7	410,614	2116,35999999999	29,624	1732,42	32,145	2296,99999999999	79,897	1640,02	153,292	2176	0,002	1667,28	0,004
67	438,922	2391,81999999999	301,298	1551,52	508,32	1744,55999999999	37,43	1164,84	43,896	2261,09999999999	125,338	1179,56	140,982	2115	0,001	1705,04	0,005
68	675,947	2331,75999999999	341,784	1719,72	518,209	1876,09999999999	56,749	1488,82	28,033	2190,07999999999	74,264	1261,28	84,69	1938	0,001	1688,42	0,002
69	630,727	2243,15999999999	339,793	1594,56	642,964	2019,33999999999	33,446	1615,92	45,231	2056,11999999999	74,184	1372,36	89,697	2131,48	0,001	1838,34	0,002
70	556,689	1879,43999999999	273,44	1490,12	580,087	2058,85999999999	32,971	1511,7	30,375	2365,71999999999	54,927	1637,32	121,485	2115,68	0,001	1822,4	0,003
71	422,779	2215,79999999999	284,3	1845,12	490,715	2112,58	31,303	1348,8	35,553	2231,71999999999	102,93	1423,58	97,554	2165,4	0,001	1849,76	0,003
72	381,972	1909,21999999999	320,916	1533,4	571,339	1906,71999999999	30,421	1555,22	25,172	2245,46	76,345	1550,02	110,697	2164,72	0,001	1811,66	0,002
73	378,986	2200,63999999999	159,082	1849,3	443,696	2098,61999999999	31,731	1587,78	32,531	1950,87999999999	73,738	1459,7	87,925	2005,36	0,001	1673,16	0,002
74	348,974	2202,51999999999	245,962	1597,46	435,171	1703,18	42,624	1554,02	30,562	1992,91999999999	101,653	1562,86	132,986	1983,34	0,002	1596,28	0,003
75	349,756	1924,94	243,409	1818,96	456,933	2017,77999999999	42,939	1704,52	29,558	2192,95999999999	79,269	1682,69999999999	63,464	2330,98	0,001	1844,22	0,003
76	359,454	2397,71999999999	221,019	1789,86	567,421	2151,09999999999	36,053	1721,54	34,518	2651,53999999998	66,633	1633,38	90,072	1993,74	0,001	1691,14	0,002
77	435,453	2474,95999999999	240,842	1714,92	409,274	2154,59999999999	29,464	1479,32	49,529	2103,73999999999	111,613	1490,26	128,89	2242,14	0,002	1827,94	0,003
78	425,642	2048,71999999999	248,47	1642,56	406,668	1971,1	34,304	1537,68	34,252	2306,53999999999	83,652	1613,4	80,664	2225,86	0,001	1833,14	0,002
79	440,374	2260,49999999999	199,987	1780,04	686,628	2305,25999999999	30,439	1382,32	38,819	2235,63999999999	70,127	1665,6	89,82	2099,06	0,001	1789,5	0,002
80	1847,527	1946,21999999999	271,214	1902,32	325,221	2352,39999999999	28,24	1853,42	29,57	2216,91999999999	66,407	1600,96	135,797	2258,62	0,002	1833,48	0,003
81	376,771	2299,57999999999	291,18	1435,64	400,743	2476,07999999999	18,964	1531,26	38,218	2280,71999999999	93,016	1561,1	128,298	2132,16	0,002	1795,72	0,003
82	348,245	2159,61999999999	198,911	1227,78	501,983	1992,09999999999	23,621	1550,42	31,148	2013,97999999999	99,531	1580,5	117,425	2148,24	0,001	1677	0,002
83	371,767	2339,91999999999	222,583	1746,94	439,976	2116,83999999999	29,901	1260,7	34,152	2471,77999999999	86,773	1508,68	112,925	2197,82	0,002	1833,14	0,002
84	685,547	2304,57999999999	252,934	1275,6	550,552	2276,23999999999	35,597	1635,16	31,83	2433,31999999999	51,235	1130,6	158,517	2076,56	0,001	1844,56	0,002
85	462,698	2478,31999999999	239,007	2079,67999999999	508,658	2271,61999999999	38,409	1761,9	41,265	2509,91999999999	70,652	1957,65999999999	90,485	2352,66	0,001	1911,04	0,002
86	443,045	2342,63999999999	195,538	1631,66	581,816	2033,77999999999	27,809	1372,02	32,618	2223,91999999999	70,94	1570,44	104,932	1922	0,002	1733,42	0,003
87	634,765	2204,13999999999	199,798	1678,94	638,898	2070,43999999999	23,045	1934,78	37,28	1866,38	123,018	1653,88	133,019	2098,38	0,002	1871,58	0,002
88	623,912	2379,59999999999	229,993	1714,74	506,044	2157,27999999999	30,906	1773,34	37,674	1823,65999999999	137,942	1614,26	111,755	2043,12	0,001	1682,88	0,002
89	678,628	2170,79999999999	243,233	1224,66	493,939	1959,59999999999	27,563	1570,56	36,074	1989,81999999999	153,169	1474,24	91,846	2175,8	0,002	1727,2	0,003
90	664,865	2347,25999999999	283,843	1887,42	533,423	2222,87999999999	47,652	1588,22	47,076	2313,45999999999	87,333	1580,72	113,311	2170,6	0,003	1832,8	0,004
91	452,005	2008,91999999999	282,004	1535,98	424,556	2043,37999999999	40,331	1385,6	41,603	2292,19999999999	155,685	1374,2	104,658	2242	0,002	1772,2	0,002
92	546,288	2217,03999999999	257,728	1859,88	530,722	2332,09999999999	33,438	1678,56	44,092	2399,39999999999	90,851	1843,16	144,021	1988,34	0,002	1684,58	0,002
93	668,808	2271,53999999999	318,375	1834,32	549,571	2098,07999999999	47,179	1968,49999999999	31,724	2494,95999999999	95,279	1679,4	96,7	2236,8	0,001	1744,16	0,003
94	437,581	2290,09999999999	311,352	1592,68	581,907	1991,89999999999	51,301	1626,86	68,549	1952,45999999999	104,319	1322,54	96,654	2303,14	0,003	1871,92	0,003
95	769,23	2307,13999999999	219,401	1650,72	522,111	2008,81999999999	21,857	1663,01999999999	30,141	2121,81999999999	86,503	1464,1	84,03	2264,44	0,001	1826,58	0,002
96	642,577	2417,09999999999	181,208	1761,46	367,343	2057,79999999999	30,583	1963,94	27,15	2549,09999999998	76,853	1501,92	83,373	1988	0,002	1771,52	0,003
97	819,117	2374,37999999999	191,99	1732,46	513,787	2130,45999999999	29,524	1667,5	33,423	1781,79999999999	87,338	1669,88	77,919	2198,3	0,001	1905,5	0,002
98	711,617	2383,11999999999	225,101	1324,2	395,736	1520,44	33,239	1651,16	48,519	2064,79999999999	89,981	1587,54	88,454	2120,4	0,001	1732,74	0,002
99	691,706	2266,53999999999	228,485	1517	380,501	1679,5	51,663	1453,3	28,132	2220,65999999999	108,327	1673,62	113,085	1844,78	0,001	1629,52	0,002
100	742,735	1898,87999999999	293,259	1596,64	456,394	1935,32	33,899	1300,96	26,764	2107,91999999999	81,494	1404,12	137,518	2148,44	0,001	1833,48	0,003

2017-09-08 00:21:53:0508	../../../files/testListWithPickListSize100_part04.txt
InstanceNumber	DistanceMatrixRunningTime	GACycleSwapTotalDistance	GACycleSwapRunningTime	GACycleInversionTotalDistance	GACycleInversionRunningTime	GAOrderedSwapTotalDistance	GAOrderedSwapRunningTime	GAOrderedInversionTotalDistance	GAOrderedInversionRunningTime	GAPMXSwapTotalDistance	GAPMXSwapRunningTime	GAPMXInversionTotalDistance	GAPMXInversionRunningTime	SShapeTravelledTotalDistance	SShapeRunningTime	LargestGapTravelledTotalDistance	LargestGapRunningTime
1	698,927	2244,55999999999	300,027	1519,7	489,419	1490,96	51,365	1625,02	26,702	2261,43999999999	92,228	1485,46	105,695	2181,2	0,001	1739,3	0,002
2	596,957	2311,27999999999	226,789	1486,84	542,191	1895,44	34,538	1638,78	43,686	2375,21999999999	73,835	1028,04	111,114	2226,2	0,002	1816,86	0,003
3	712,765	2181,61999999999	232,652	1459,98	531,583	1813,2	30,587	1606,32	39,171	2064,19999999999	71,267	1734,86	68,485	2192,28	0,001	1805,1	0,002
4	775,3	2445,45999999999	331,562	1847,14	425,953	2135,82	24,416	1720,5	42,276	2049,67999999999	71,831	1810,11999999999	98,284	2059,94	0,002	1712,28	0,002
5	569,606	2327,85999999999	290,941	1568,54	453,396	1957,77999999999	40,201	1694,5	28,864	2060,95999999999	97,594	1689,06	105,155	2165,4	0,001	1683,9	0,003
6	365,329	2203,41999999999	285,123	1695	371,119	2019,09999999999	23,72	1683,39999999999	41,477	2141,97999999999	120,183	1662,92	114,918	2049,34	0,001	1690,12	0,002
7	343,926	2694,97999999999	262,262	1759,82	520,155	2487,05999999999	35,802	1897,98	31,272	2446,87999999999	102,438	1898,76	115,924	2269,98	0,001	1816,86	0,002
8	342,85	2595,15999999998	187,056	1602,76	409,765	2034,21999999999	24,291	1539,96	31,355	2087,58	101,379	1625,84	88,783	2253,42	0,002	1799,9	0,002
9	338,046	2199,61999999999	276,801	1478,12	465,091	1877,29999999999	28,393	1691,44	33,825	2489,93999999999	86,855	1582	125,888	2153,64	0,001	1788,48	0,002
10	342,697	2502,21999999999	239,818	1546,92	326,184	2262,59999999999	34,071	1743,26	36,619	2330,47999999999	82,236	1589,84	101,386	2043,12	0,001	1854,62	0,002
11	433,088	2301,55999999999	220,318	1726,84	477,934	2105,11999999999	36,882	1715,36	37,274	1917,55999999999	108,003	1498,86	102,809	2181,54	0,001	1811,32	0,002
12	424,961	1938,41999999999	342,183	1708,58	548,765	1926,32	26,664	1448,64	45,631	2152,43999999999	90,195	1737,66	87,443	2021,24	0,002	1671,46	0,002
13	431,004	2322,23999999999	236,913	1608,2	514,017	2049,18	38,941	1660,64	40,682	2303,43999999999	94,817	1469,84	108,219	2187,36	0,001	1849,42	0,003
14	663,282	2346,37999999999	207,15	1803,9	535,181	2185,51999999999	25,312	1823,98	37,796	2234,07999999999	125,688	1714,76	107,758	2120,54	0,002	1833,14	0,002
15	704,955	2331,83999999998	330,364	1822,76	613,251	2075,2	35,646	1572,12	49,544	2433,21999999999	107,872	1833,97999999999	130,457	2209,04	0,001	1815,5	0,002
16	513,888	2458,97999999999	233,284	1618,6	607,408	2094,39999999999	18,38	1564,9	45,126	2416,83999999999	73,163	1599,5	109,794	2037,58	0,001	1750,04	0,002
17	660,688	2389,17999999999	245,319	1580,84	597,554	2128,07999999999	22,823	1743,78	30,062	2469,57999999999	78,562	1563,74	87,903	2214,44	0,001	1782,6	0,002
18	690,409	2199,07999999999	316,502	1788,57999999999	703,179	2114,69999999999	25,078	1795,94	39,127	2283,45999999999	78,467	1806,24	65,687	2109,46	0,001	1750,38	0,002
19	670,818	2337,13999999999	262,783	1909,3	534,262	1947,71999999999	32,642	1367,88	35,637	2287,23999999999	86,355	1593,92	93,647	2181,2	0,001	1749,36	0,002
20	473,266	2237,33999999999	236,813	1546,24	518,029	1892,33999999999	28,87	1659,26	21,81	2245,43999999999	73,492	1764,12	91,815	2087,64	0,001	1772,2	0,002
21	577,181	1987,81999999999	195,008	1725,56	516,366	2054,98	35,396	1235,94	32,009	2480,95999999999	57,141	1448,98	119,143	2015,42	0,001	1754,9	0,002
22	702,109	2045,69999999999	299,238	1662,72	370,212	1850,68	40,923	1797,7	55,441	2472,97999999999	98,229	1741,5	136,359	2131,48	0,001	1783,28	0,002
23	2001,856	2057,41999999999	237,165	1673,2	429,669	1995,54	21,936	1649,36	35,8	2367,71999999999	96,893	1599,5	68,776	2170,8	0,002	1850,44	0,004
24	682,594	1605,87999999999	503,495	1265,02	608,01	2029,77999999999	35,974	1427,9	28,872	1904,18	114,066	1829,12	102,606	2352,66	0,001	1700,18	0,003
25	735,914	2545,11999999999	184,49	1700,54	546,255	1934,35999999999	45,144	1344,8	48,247	2244,51999999999	91,672	1447,2	92,299	2209,38	0,002	1678,36	0,003
26	690,464	2605,15999999999	240,079	1839,28	539,067	2335,47999999999	36,356	1587,64	42,173	2223,75999999999	81,248	1811,86	111,579	2032,72	0,002	1745,18	0,003
27	668,875	2217,97999999999	214,054	1669,06	544,207	2137,73999999999	24,615	1652,42	29,361	2367,15999999998	80,655	1794,51999999999	82,767	1916,32	0,002	1589,72	0,003
28	611,545	2263,65999999999	229,298	1736,16	509,075	1711,78	36,231	1972,27999999999	34,111	2129,95999999999	129,053	1574,42	98,237	2243,02	0,002	1871,92	0,002
29	747,348	2578,09999999999	333,912	1680,28	528,294	2275,21999999999	23,07	1973,56	41,195	2269,09999999999	94,983	1829,6	109,17	2098,52	0,001	1826,58	0,003
30	622,21	2135,61999999999	175,253	1874,62	412,001	2185,85999999999	17,924	1644,48	40,009	2133,19999999999	107,489	1597,12	86,677	2065,82	0,002	1613,58	0,003
31	524,086	2397,71999999998	209,676	1720,74	493,635	1927,77999999999	29,113	1181,02	29,495	2192,31999999999	131,116	1695,18	122,607	2115	0,001	1717,82	0,002
32	558,989	2203,37999999999	226,136	1720,44	678,503	1900,76	35,39	1704,72	25,871	2419,25999999999	77,636	1351,22	108,75	2059,6	0,001	1776,72	0,003
33	669,265	1849,1	307,952	1145,5	613,61	1891,44	34,515	1365,9	46,988	2313,57999999999	82,796	1910,86	92,078	2110,68	0,001	1740,32	0,002
34	654,55	2161,53999999999	276,155	1775,86	455,022	2061,97999999999	26,278	1773,58	26,789	2672,43999999999	52,463	1584,06	98,753	2209,38	0,002	1822,06	0,003
35	515,187	2362,23999999999	253,148	1744,38	433,024	2264,19999999999	25,535	1405,62	40,138	1973,81999999999	75,467	1757,44	83,796	2225,86	0,001	1844,56	0,003
36	758,598	2120,25999999999	186,438	1496,52	533,357	1851,94	30,54	1537,06	39,995	2248,83999999999	59,603	1646,3	93,598	2043,12	0,002	1689,1	0,002
37	610,052	2356,39999999999	280,381	1624,96	449,683	1803,47999999999	36,548	1570,68	25,589	2236,45999999999	105,472	1717,98	108,388	2209,72	0,001	1739,3	0,002
38	597,757	1529,24	344,73	1803,56	338,158	1941,31999999999	43,476	1235,36	32,482	2472,55999999999	71,874	1708,94	100,32	2120,4	0,001	1754,56	0,002
39	405,315	2691,13999999998	253,009	1912,76	532,742	2187,53999999999	38,494	1524,26	28,818	2253,35999999999	82,711	1465,66	120,148	2297,6	0,001	1888,54	0,003
40	372,078	2589,23999999999	195,738	1549,44	552,234	1942,55999999999	29,22	1589	33,057	2160,15999999999	66,73	1517,78	121,073	2087,44	0,001	1744,16	0,002
41	345,16	2323,09999999999	217,608	1607,9	648,618	2081,17999999999	23,233	1559,98	31,265	1995,59999999999	75,92	1793,76	79,038	2082,44	0,001	1745,52	0,002
42	342,451	2181,13999999999	239,163	1731,64	476,306	2075,79999999999	21,904	1605,64	49,243	2270,17999999999	63,152	1581,04	78,123	2159,86	0,001	1816,52	0,002
43	378,678	2230,31999999999	262,587	1491,52	456,577	1877,73999999999	30,533	1481,96	31,101	2781,71999999998	58,818	1697,8	111,054	2094,4	0,001	1795,38	0,002
44	347,926	2347,31999999999	358,842	1778,58	425,723	1931,71999999999	29,89	1562,18	28,687	2191,23999999999	70,816	1625,8	85,298	2137,84	0,001	1755,58	0,003
45	428,047	2773,95999999998	147,612	1513,84	537,755	2280,41999999999	33,08	1760,6	24,171	2355,21999999999	93,694	1994,84	87,395	2120,4	0,001	1776,72	0,002
46	430,363	2564,13999999998	187,189	1894,72	407,387	2405,71999999998	38,112	1601,1	42,201	2432,13999999999	67,822	1637,44	125,828	2198,16	0,001	1838,34	0,002
47	436,03	2289,93999999999	202,097	1740,82	555,53	1925,52	25,301	1602,18	34,023	2246,01999999999	97,308	1505,6	140,721	2253,22	0,001	1838	0,002
48	756,381	2034,89999999999	252,444	1509,72	627,334	1790,94	24,259	1791,9	20,506	1919,77999999999	83,027	1631,72	88,05	2325,24	0,001	1866,72	0,002
49	527,794	2249,61999999999	185,887	1705,87999999999	396,481	2096,89999999999	18,933	1761,38	29,389	2124,45999999999	65,272	1179,76	106,768	2082,1	0,001	1711,94	0,002
50	633,583	2039,41999999999	167,85	1653,78	380,709	2128,85999999999	25,081	1395,34	47,112	1946,61999999999	80,328	1576,46	84,58	2060,08	0,001	1788,48	0,002
51	393,536	2508,55999999999	174,82	1295,14	504,053	2118,23999999999	36,499	1499,04	36,257	2275,67999999999	110,7	1560,04	91,727	2060,08	0,001	1783,96	0,002
52	541,535	1903,09999999999	265,303	1169,04	514,468	2136,39999999999	31,342	1515,92	35,239	2234,63999999999	92,891	1621,32	121,36	2286,32	0,001	1882,66	0,002
53	556,946	2222,11999999999	185,95	1187,58	402,07	2243,77999999999	24,541	1388,46	33,96	2303,89999999999	86,428	1372,1	96,047	2131,48	0,001	1779,1	0,002
54	363,911	2133,91999999999	176,897	1410,8	465,4	2235,35999999999	18,491	1515,66	22,922	2152,31999999999	76,242	1427,08	93,473	2120,4	0,001	1716,12	0,002
55	609,878	2226,25999999999	201,103	1865,04	585,687	2111,53999999999	26,359	1793,64	33,731	2276,59999999999	80,43	1849,64	96,197	2314,36	0,001	1838,68	0,002
56	379,955	2244,31999999999	216,532	2047,12	378,237	2032,79999999999	29,149	1824,5	33,888	2333,59999999999	90,116	1713,36	110,282	2226,2	0,002	1827,6	0,003
57	341,543	2459,27999999999	177,163	1595,48	573,712	2030,15999999999	21,884	1569,76	28,967	2426,85999999999	107,823	1726,48	118,775	2120,54	0,001	1688,42	0,002
58	340,936	2405,63999999999	245,458	1662,04	474,492	1762,89999999999	29,029	1492,68	30,159	2029,31999999999	81,525	1553,02	99,011	2165,2	0,001	1788,82	0,003
59	340,941	2039,64	230,168	1642,56	465,463	1906,07999999999	23,086	1491,65999999999	41,627	2350,61999999999	88,801	1676	94,719	2164,86	0,001	1693,96	0,002
60	428,652	2219,47999999999	278,895	1731,36	483,242	1905,47999999999	30,297	1418,14	35,425	1983,25999999999	110,981	1706,76	78,008	2059,74	0,001	1694,3	0,002
61	744,255	2238,43999999999	203,987	1812,5	458,607	1929,63999999999	28,607	1439,48	42,4	2415,61999999999	79,996	1924,38	103,24	2286,66	0,002	1839,02	0,003
62	805,537	2059,15999999999	256,991	1723,86	473,602	2110,39999999999	26,31	1710,5	35,748	2243,83999999999	80,475	1539,04	105,819	2043,46	0,001	1844,56	0,003
63	372,551	2585,83999999999	160,667	1878,9	546,546	2040,67999999999	37,865	1754,94	34,434	2085,73999999999	68,172	1538,36	95,814	2170,8	0,001	1834,16	0,003
64	377,526	2370,77999999999	185,802	1762,98	429,542	2133,43999999999	25,991	1840,6	28,6	2359,49999999999	78,878	1891,56	92,745	2225,86	0,001	1899,96	0,002
65	374,559	2038,59999999999	236,271	1520,78	491,347	1770,43999999999	31,122	1458,78	33,063	2046,33999999999	105,205	1552	98,195	2209,38	0,001	1795,04	0,002
66	347,051	2121,85999999999	359,757	1882,4	566,658	2244,99999999999	31,725	1612,04	40,27	2346,17999999999	68,091	2022,8	115,005	2170,26	0,002	1855,64	0,002
67	342,052	2329,27999999999	175,268	1857,22	573,079	2079,47999999999	25,409	1638,58	40,697	2586,69999999998	60,25	1691,36	77,828	2170,26	0,001	1860,16	0,002
68	340,904	2043,37999999999	233,696	1570,1	466,828	1933,87999999999	33,024	1679,88	33,089	1946,1	136,629	1490,06	109,05	2165,06	0,001	1805,44	0,002
69	341,362	2220,53999999999	210,978	1979,1	449,602	2068,91999999999	30,114	1806,14	27,802	2521,09999999999	82,238	1643,02	66,861	2054,4	0,002	1799,56	0,003
70	340,391	2311,29999999999	272,69	1496,86	503,557	1981,63999999999	34,362	1756,76	47,942	2372,55999999999	67,49	1533,82	107,448	2049	0,001	1788,82	0,002
71	343,697	1915,79999999999	211,333	1603	351,284	2118,87999999999	30,61	1211,9	31,585	2089,73999999999	80,871	1605,28	93,269	2099,4	0,001	1619,46	0,002
72	429,442	2307,07999999999	241,033	1639,4	459,896	1899,07999999999	44,07	1571,9	33,855	2449,27999999999	66,543	1214,32	124,291	2242,14	0,001	1744,16	0,002
73	429,366	2706,25999999999	181,308	1514,64	382,147	1905,1	36,037	1579,42	48,419	2307,91999999999	111,971	1233,7	126,752	2182,16	0,001	1816,86	0,002
74	1820,106	2444,15999999999	231,55	1844,2	525,685	2156,73999999999	23,635	1714,82	33,213	2152,53999999999	74,524	1549,78	95,07	1988,2	0,001	1794,36	0,002
75	440,796	2249,03999999999	207,62	1901,44	404,282	2211,13999999999	28,704	1557,72	30,668	2308,83999999999	119,549	1870,78	105,748	2225,66	0,001	1798,88	0,002
76	769,968	2168,85999999999	293,122	1662,9	356,709	2153,97999999999	32,362	1673,78	29,346	2155,87999999999	63,871	1677,5	97,875	2154,12	0,002	1688,76	0,003
77	661,653	2066,31999999999	280,885	1416,7	451,068	1830,83999999999	31,596	1530,76	30,818	2158,93999999999	88,352	1574,88	80,39	1927,4	0,001	1677,68	0,002
78	582,577	1940,09999999999	242,562	1689,4	592,977	2105,31999999999	22,926	1175,92	46,196	2204,95999999999	120,964	1689,66	101,008	2148,44	0,001	1728,56	0,002
79	398,848	2103,37999999999	250,006	1520,48	509,518	1446,24	25,554	1735,96	44,486	2364,19999999999	77,967	1549,98	107,022	2170,6	0,002	1817,54	0,002
80	377,561	2117,81999999999	222,327	1798,5	498,94	2296,27999999999	30,072	864,14	28,38	2164,11999999999	80,277	1733,2	91,378	1982,32	0,001	1718,16	0,002
81	349,775	2062,27999999999	265,999	1456,22	500,863	1950,91999999999	34,395	1599,74	40,41	2240,23999999999	93,631	1589,14	132,524	2186,88	0,001	1809,96	0,002
82	353,796	2261,19999999999	145,477	1540,64	643,415	2195,39999999999	26,371	1807,26	28,124	2251,13999999999	114,035	1636,92	115,908	2126,42	0,001	1755,58	0,002
83	374,272	2319,05999999999	179,326	1847,26	370,157	1565,2	44,458	1369,68	40,654	2579,41999999998	63,806	1524,36	99,545	2103,92	0,001	1776,72	0,002
84	360,492	2773,75999999999	301,082	1783,24	563,559	2103,19999999999	42,519	1901,94	33,338	2317,75999999999	65,663	1613,78	127,807	2187,08	0,001	1762,14	0,002
85	773,858	2052,43999999999	229,408	1762,44	464,847	2194,49999999999	22,218	1653,78	43,407	1867,74	84,297	1765,7	88,214	2153,78	0,001	1711,26	0,002
86	407,948	2045,96	263,457	1709,52	534,947	2001,68	37,11	1624,5	28,096	1929,54	85,163	1706,9	112,407	2104,4	0,001	1707,42	0,002
87	366,95	1853,55999999999	225,191	1067,94	464,612	1656,26	36,589	1643,92	29,946	2198,69999999999	89,277	1525,24	145,17	2302,94	0,002	1782,26	0,003
88	373,952	2021,55999999999	309,427	1463,78	534,769	2330,53999999999	28,691	1930,05999999999	35,519	2500,55999999999	125,12	1887,06	92,815	2291,86	0,001	1893,74	0,002
89	368,752	2441,25999999999	264,821	1765,46	513,328	2008,65999999999	22,925	1712,78	28,579	2245,77999999999	97,165	1477,42	78,574	2275,72	0,001	1762,48	0,002
90	511,305	2413,59999999999	177,427	1530,6	474,925	2268,17999999999	31,047	1658,68	43,902	2068,23999999999	78,096	1661,58	99,486	2226,2	0,001	1779,1	0,002
91	645,403	2155,27999999999	269,436	1622,54	521,578	2030,13999999999	39,045	1583,8	27,515	2304,99999999999	78,279	1528,28	97,678	2098,52	0,002	1755,24	0,003
92	380,528	2294,67999999999	205,401	1825,04	559,87	1903,97999999999	30,173	1719,4	40,975	2120,89999999999	81,822	1537	117,652	2187,42	0,001	1789,5	0,002
93	341,684	2174,63999999999	327,654	1804,24	381,997	1753,74	41,727	1814,1	34,634	2163,83999999999	77,575	1459,92	124,153	2071,5	0,001	1817,54	0,002
94	346,273	2116,59999999999	281,858	1564,52	467,688	2143,85999999999	22,116	1499,92	31,762	2208,09999999999	66,873	1236,04	100,47	2059,6	0,001	1727,2	0,002
95	804,057	2364,47999999999	264,231	1551,28	432,899	1763,72	23,639	1529,52	38,41	1960,63999999999	81,487	1476,94	97,852	2094,2	0,002	1789,5	0,003
96	804,118	2384,29999999999	183,042	1825,03999999999	446,604	2175,35999999999	37,631	1749,38	33,504	2318,97999999999	59,936	1497	109,696	2065,96	0,001	1755,58	0,002
97	374,586	2183,75999999999	272,053	1182,92	430,635	1936,77999999999	36,94	1658,74	30,819	2230,71999999999	98,579	1661,6	93,436	1949,08	0,001	1667,28	0,002
98	374,105	2569,07999999999	209,254	1871,4	531,885	2095,35999999999	33,311	1900,8	28,776	2446,87999999999	71,659	1594,2	118,853	2137,16	0,001	1816,18	0,002
99	373,076	2410,13999999999	271,237	1434,7	506,19	2229,88	56,031	1521,94	35,454	2313,95999999999	100,509	1668,94	121,722	2275,38	0,001	1821,72	0,002
100	344,903	2483,61999999998	160,31	1168,36	608,105	1930,95999999999	34,836	1390,76	46,214	2363,33999999999	67,066	1538,56	98,367	2088,32	0,001	1789,16	0,002

2017-09-06 02:43:43:0904	../../../files/testListWithPickListSize100_part05.txt
InstanceNumber	DistanceMatrixRunningTime	GACycleSwapTotalDistance	GACycleSwapRunningTime	GACycleInversionTotalDistance	GACycleInversionRunningTime	GAOrderedSwapTotalDistance	GAOrderedSwapRunningTime	GAOrderedInversionTotalDistance	GAOrderedInversionRunningTime	GAPMXSwapTotalDistance	GAPMXSwapRunningTime	GAPMXInversionTotalDistance	GAPMXInversionRunningTime	SShapeTravelledTotalDistance	SShapeRunningTime	LargestGapTravelledTotalDistance	LargestGapRunningTime
1	612,325	2271,19999999999	211,639	1575,12	418,343	2254,41999999999	17,139	1730,66	31,16	1884,87999999999	101,121	1611,64	79,711	2209,72	0,004	1822,4	0,006
2	747,054	1740,64	207,648	1790,82	597,434	1976,61999999999	24,891	1740,82	21,27	2180,11999999999	118,764	1653,64	73,516	2110	0,001	1717,82	0,002
3	621,282	2326,25999999999	119,593	1435,18	518,475	2066,93999999999	28,837	1537	45,265	1850,61999999999	115,809	1653,32	74,308	2055,22	0,002	1729,24	0,003
4	692,169	2324,07999999999	281,985	1877,72	345,227	2022,75999999999	21,11	1689,76	27,956	2401,69999999999	98,228	1829,7	106,028	2380,22	0,001	1794,02	0,002
5	355,242	2002,79999999999	198,587	1282,3	522,098	1825,88	31,543	1435,52	25,959	2214,81999999999	90,78	1598,34	87,472	1983,14	0,001	1718,16	0,002
6	357,572	2228,07999999999	192,781	1680,8	346,468	1997,38	28,166	1474,5	42,38	2116,37999999999	144,335	1582,64	72,173	2077,24	0,001	1745,18	0,002
7	352,939	2563,93999999999	197,718	1642,16	505,979	2368,19999999999	29,66	1704,2	32,992	1957,16	113,901	1559,08	103,089	2081,9	0,001	1672,48	0,002
8	359,241	2351,29999999999	234,047	1790	366,151	2108,63999999999	25,038	1584,38	41,075	2024,65999999999	94,026	1656,3	106,191	2225,86	0,001	1767	0,002
9	347,568	2186,67999999999	159,402	1555,92	527,858	1798,32	25,951	1687,18	33,183	2239,81999999999	110,487	1269,28	102,406	2192,28	0,001	1804,76	0,002
10	353,216	2495,29999999999	246,571	1743,16	344,949	1900,92	32,607	1660,82	35,3	1957,87999999999	74,44	1542,76	81,721	2082,78	0,001	1651,68	0,002
11	351,513	2059,01999999999	355,34	1620,58	486,581	1741,76	41,661	1711,72	32,217	1896,45999999999	75,73	1456,48	82,036	2148,58	0,001	1777,74	0,002
12	356,964	2486,83999999998	211,994	1690,36	461,938	2073,39999999999	31,252	1781,5	32,714	2152,99999999999	65,939	1479,7	110,395	2143,58	0,001	1806,12	0,002
13	343,57	2235,23999999999	207,967	1619,28	478,905	2168,97999999999	22,026	1629	26,561	2509,19999999999	54,271	1738,88	108,756	2203,36	0,001	1710,92	0,002
14	546,115	2125,07999999999	175,488	1422,5	512,165	1909,33999999999	28,331	1324,62	34,868	2104,51999999999	66,31	1475,38	96,928	2115	0,001	1655,18	0,002
15	731,801	1970,85999999999	192,377	1770,02	505,816	2350,85999999999	32,184	1388,7	36,696	2256,61999999999	61,822	1407,24	115,151	2165,06	0,001	1794,02	0,002
16	698,196	2131,49999999999	260,016	1875,54	379,796	2126,76	35,503	1725,28	41,513	2551,61999999999	93,84	1953,1	135,957	2170,8	0,001	1888,88	0,002
17	672,233	2358,13999999999	231,681	1820,32	474,876	2268,85999999999	28,332	1637,54	39,402	2251,89999999999	84,417	1938,24	102,291	2054,54	0,001	1738,96	0,002
18	541,015	2131,63999999999	416,53	1730,42	658,836	1973,37999999999	33,204	1321	49,433	2047,66	93,203	1801,12	102,545	2181,2	0,001	1822,06	0,002
19	745,888	2182,21999999999	276,485	1810,18	439,051	1827,57999999999	35,433	1687,66	47,911	2185,07999999999	58,884	1498,56	132,288	2120,4	0,001	1727,2	0,002
20	757,941	2146,97999999999	205,283	1562,18	710,258	2424,87999999999	26,613	1393,64	21,269	1881,33999999999	126,411	1356,56	106,004	2175,8	0,001	1717,14	0,002
21	653,978	1950,97999999999	184,111	1642,72	516,843	2241,31999999999	36,488	1371,02	39,334	2666,35999999998	89,745	1587,72	98,62	2120,4	0,002	1799,22	0,002
22	758,391	2403,19999999999	218,224	1628,6	408,997	1909,9	28,768	1674	31,483	2057,59999999999	78,826	1728,86	121,886	1955,78	0,001	1592,1	0,002
23	651,962	2330,97999999999	145,262	1895,15999999999	497,78	2362,93999999999	33,99	1709,34	31,011	2261,13999999999	87,595	1814,12	101,639	2092,84	0,002	1722,34	0,002
24	721,108	2275,75999999999	310,916	1435,54	736,529	1939,87999999999	38,866	1449,04	34,522	2284,11999999999	80,812	1530,72	95,36	2264,44	0,002	1804,42	0,004
25	700,964	2106,57999999999	178,407	1000,2	564,561	1962,26	44,705	1653,1	38,456	2224,47999999999	107,333	1535,92	121,508	2209,04	0,001	1871,24	0,002
26	727,205	2184,25999999999	252,004	1642,16	482,67	1805,28	41,474	1538,24	35,675	2650,05999999999	84,995	1610,72	115,338	1922,2	0,002	1679,04	0,003
27	725,919	2202,27999999999	335,838	1335,46	348,551	1974,59999999999	34,858	1483,24	41,792	2050,63999999999	110,35	1673,8	92,835	2066,16	0,001	1706,4	0,002
28	697,757	1924,73999999999	208,217	1474,94	578,704	2155,03999999999	42,665	1697,32	36,107	2112,73999999999	101,02	1751,22	96,985	2026,64	0,001	1728,56	0,002
29	838,178	2395,15999999999	385,266	1718,24	407,122	2211,49999999999	23,325	939,200000000001	33,236	2139,91999999999	123,941	1481,06	107,2	1976,78	0,001	1777,06	0,002
30	509,88	2316,29999999999	197,926	1285,68	539,911	1662,54	20,907	1535,96	29,718	2448,81999999999	89,872	1582,6	129,252	2209,24	0,001	1727,54	0,002
31	687,752	2185,03999999999	303,09	1484,72	461,346	1925,75999999999	28,952	1499,38	32,045	2153,79999999999	91,755	1483,78	87,54	1994,42	0,001	1668,3	0,002
32	684,623	2336,81999999999	166,185	1610,38	529,17	1749,34	35,758	1253,92	35,609	2037,87999999999	71,535	1522,98	116,296	1998,8	0,001	1809,96	0,003
33	437,756	1883,44	198,091	1429,6	563,406	1938,99999999999	33,491	1599,64	34,296	2206,59999999999	61,117	1374,3	87,196	2188,92	0,002	1823,42	0,002
34	417,707	2272,31999999999	206,247	1360,98	435,206	2170,09999999999	33,83	1362,04	36,762	2317,95999999999	80,49	1819,94	148,932	2154,66	0,001	1779,44	0,002
35	1956,56	2342,69999999999	157,919	1206,68	544,723	2021,87999999999	25,106	1560,38	21,339	2043,61999999999	83,434	1447,7	133,414	2137,5	0,001	1745,18	0,002
36	679,867	2059,07999999999	246,234	1432,76	460,382	2099,93999999999	26,802	1420,8	32,51	1734,92	97,569	1375,68	116,419	2104,4	0,002	1678,7	0,002
37	527,19	1893,53999999999	277,245	1573,6	507,335	2217,77999999999	30,817	1594,1	42,083	2144,97999999999	115,837	1728	105,535	2109,46	0,001	1870,9	0,002
38	770,621	2170,33999999999	244,807	1586,08	658,496	2172,81999999999	28,979	1522,22	34,745	1963,86	114,698	1750	91,303	2170,26	0,001	1705,38	0,002
39	680,527	1977,83999999999	215,457	1421,2	563,147	1918,33999999999	36,097	1395,28	36,118	2150,27999999999	58,706	1342,7	103,251	2098,38	0,001	1732,4	0,003
40	794,336	2059,59999999999	428,483	2094,41999999999	642,606	1885,83999999999	30,176	1407,84	39,053	2404,23999999999	72,998	1226,6	136,522	2347,12	0,001	1910,36	0,002
41	656,949	2266,49999999999	145,623	1370,6	412,268	1765,17999999999	32,056	1594,5	30,351	1614,77999999999	106,652	1359,48	135,835	1955,44	0,001	1656,54	0,002
42	685,204	2250,59999999999	215,769	1843,21999999999	580,308	2021,29999999999	37,736	1769,5	25,841	2199,63999999999	59,002	1402,28	112,307	2186,74	0,001	1776,72	0,003
43	795,636	1978,13999999999	347,153	1701,86	461,923	1970,36	44,135	1688,62	50,85	2008,89999999999	91,173	1841,86	101,289	2209,04	0,001	1806,46	0,003
44	755,35	2398,81999999998	207,067	1815,31999999999	478,7	2209,37999999999	38,335	1248,44	37,881	1793,42	121,133	1727,16	104,115	2170,26	0,001	1843,54	0,002
45	793,922	2410,23999999999	211,916	1479,56	467,551	2006,19999999999	26,619	1835,06	41,549	2246,53999999999	106,665	1406,68	106,323	1999,48	0,002	1711,6	0,002
46	630,779	1952,85999999999	418,413	1587,2	483,791	2006,27999999999	20,328	1292,66	29,281	2061,41999999999	84,962	1505,94	116,161	2181,68	0,002	1799,9	0,003
47	694,767	2141,39999999999	292,745	1283	485,841	2148,61999999999	21,935	1435,92	36,725	2011,78	106,346	993,280000000001	113,584	1833,16	0,002	1689,1	0,003
48	676,241	2139,63999999999	212,184	1625,02	437,735	2059,63999999999	22,119	1541,18	30,268	1813,39999999999	82,269	1724,96	99,601	2015,9	0,001	1633,7	0,002
49	351,456	2191,97999999999	240,296	1635,28	400,984	1995,43999999999	41,227	1375,94	34,495	2545,33999999999	78,435	1508,62	83,557	2231,06	0,001	1932,18	0,002
50	353,688	2436,13999999999	248,4	1846,96	432,574	1977,09999999999	41,795	1623,4	30,201	2469,13999999999	64,639	1686,86	85,207	2182,36	0,001	1778,42	0,002
51	332,197	2195,81999999999	176,76	1357,92	521,745	1861,01999999999	29,907	1724	30,289	2277,61999999999	132,875	1636,04	122,57	2209,04	0,001	1727,2	0,002
52	337,204	2606,89999999999	246,731	1313,5	395,669	2235,27999999999	24,402	1448,9	41,353	2329,71999999999	63,519	1637,84	87,514	2164,86	0,001	1760,1	0,002
53	337,236	2098,19999999999	277,797	1720,9	448,963	2152,73999999999	30,927	1667,46	33,736	2097,53999999999	91,061	1593,34	112,952	2153,64	0,001	1866,04	0,002
54	335,104	2277,95999999999	170,497	1714,46	324,963	2068,05999999999	25,629	1463,14	40,188	2013,77999999999	94,907	1503,42	90,751	2098,72	0,002	1651,68	0,002
55	335,557	2286,15999999999	150,701	1735	458,958	2106,47999999999	29,644	1637,28	39,472	2342,19999999999	84,5	1878,34	78,925	2082,1	0,002	1771,52	0,002
56	332,009	2375,21999999999	321,668	1551,68	447,154	2002,13999999999	20,297	1401,94	24,662	2239,17999999999	63,806	1783,26	91,349	1982,66	0,001	1772,54	0,002
57	335,356	2296,95999999999	252,04	1495,5	422,192	2241,79999999999	28,293	1601,44	31,879	1944,99999999999	99,084	1573,54	87,898	1988,4	0,001	1689,1	0,002
58	335,223	2388,55999999999	197,668	1824,4	599,204	2107,27999999999	35,789	1572,28	37,636	2183,75999999999	122,525	1730,82	124,992	2037,58	0,001	1749,36	0,002
59	335,481	2662,75999999999	254,492	1886,91999999999	295,624	2246,15999999999	27,862	1654,96	39,682	2351,27999999999	90,879	1764,34	129,852	1998,94	0,001	1756,26	0,002
60	341,351	2243,49999999999	298,97	1806,96	511,786	1548,24	27,601	1253,68	50,896	2261,17999999999	99,886	1630,64	87,77	2048,66	0,001	1782,26	0,002
61	361,101	2515,17999999999	198,56	1790,44	518,06	2075,7	45,342	1656,2	36,424	2200,19999999999	96,753	1801,08	84,523	2104,8	0,001	1745,52	0,002
62	425,192	2464,51999999999	231,259	1169,12	495,057	2258,11999999999	28,536	1798,02	36,031	2433,03999999999	116,137	1488,36	110,987	2109,46	0,001	1789,84	0,002
63	521,868	2159,65999999999	240,201	1984,54	397,044	1941,97999999999	21,125	1447,14	30,241	2415,95999999999	85,531	1242,76	88,743	2054,4	0,001	1755,24	0,002
64	721,412	2017,67999999999	244,368	1593,78	346,663	2006,95999999999	24,036	1294,02	23,735	2378,07999999999	59,915	1610,5	105,638	2004,34	0,001	1826,92	0,002
65	649,98	2328,15999999999	299,92	1537	507,827	1771,86	26,237	1483,06	30,244	2237,61999999999	84,66	1445,16	117,463	2087,78	0,001	1661,74	0,002
66	760,955	2309,67999999999	223,5	1796,99999999999	440,549	2254,85999999999	21,652	1678,52	42,355	2456,55999999999	77,057	1518	79,176	2059,6	0,001	1606,34	0,003
67	682,504	2290,37999999999	229,771	1683,04	566,491	2222,35999999999	29,375	1832,96	26	2453,09999999999	85,222	1544,3	138,042	2037,92	0,001	1810,64	0,002
68	706,062	1948,55999999999	215,17	1753,6	508,676	1827,74	42,719	1542,06	33,001	2151,07999999999	101,008	1719,88	114,162	2220,32	0,001	1771,86	0,002
69	736,928	2003,51999999999	184,702	1487,68	661,583	1823,22	30,815	1412,52	35,506	1729,38	92,231	1364,26	91,445	2071,02	0,001	1711,26	0,002
70	763,034	2187,81999999999	135,194	1693,44	501,613	1787,59999999999	26,294	1219,92	37,289	2284,07999999999	83,306	1665,3	87,875	2104,4	0,002	1771,86	0,003
71	731,151	2172,31999999999	185,912	1998,47999999999	450,909	2305,45999999999	19,178	1748,06	37,493	2287,77999999999	101,902	1764,88	107,92	2126,28	0,002	1900,3	0,004
72	728,555	2101,73999999999	214,497	1760,26	498,504	2187,39999999999	44,345	1816,14	31,699	2500,61999999998	102,753	1663,6	165,636	2092,84	0,003	1838,34	0,002
73	615,458	2010,54	315,137	1779,78	589,52	2057,49999999999	33,158	1792,04	44,267	2183,57999999999	108,981	1619,84	154,695	2280,92	0,001	1849,08	0,002
74	794,081	2397,11999999999	232,04	1730,28	453,37	1814,66	37,283	1877,82	39,525	2091,71999999999	95,501	1738,2	79,807	2142,56	0,001	1700,18	0,003
75	643,467	2106,09999999999	212,667	1498,5	560,242	2167	35,08	1467,7	31,147	2549,51999999999	82,778	1250,76	118,808	2187,7	0,001	1805,78	0,002
76	1827,779	2595,77999999998	234,331	1925,5	486,952	2105,27999999999	49,2	1706,58	49,912	2406,35999999999	92,7	1928,34	106,047	2082,24	0,002	1777,4	0,002
77	427,169	2367,27999999999	156,493	1653,98	344,854	2118,59999999999	29,267	1405,06	46,677	2104,69999999999	112,344	1586,9	121,402	2242,82	0,001	1788,82	0,002
78	436,215	2203,15999999999	248,556	1321,02	687,842	2237,75999999999	28,871	1327,3	43,685	2506,55999999998	110,349	1569,9	100,71	2120,4	0,001	1678,02	0,002
79	543,149	2333,05999999999	300,269	1702,5	734,667	2036,35999999999	26,422	1750,6	53,837	2329,89999999999	108,811	1620,98	103,431	2043,46	0,002	1706,4	0,003
80	380,206	2214,21999999999	268,635	1599,12	522,895	2187,21999999999	27,781	1773,18	30,805	2461,37999999998	115,78	1721,98	125,641	2065,48	0,002	1766,66	0,002
81	652,101	2064,99999999999	391,929	1773,58	513,12	1960,91999999999	32,135	1386,34	37,118	2105,03999999999	108,185	1733,57999999999	104,765	2060,08	0,001	1734,44	0,003
82	791,223	2022,62	312,4	1604,82	515,882	1942,11999999999	30,188	1575,64	47,786	2247,47999999999	99,773	1407,98	110,394	2109,46	0,001	1804,76	0,002
83	373,569	2693,75999999999	181,175	1654,62	463,299	1917,66	32,167	1832,3	33,116	2648,15999999999	58,189	1881,84	137,333	2155	0,002	1797,08	0,002
84	368,008	2109,73999999999	248,349	1422,76	509,56	2053,71999999999	33,402	1455,8	51,9	1824,28	119,052	1392,28	108,369	2204,32	0,001	1794,7	0,002
85	557,025	2348,51999999999	245,837	1675,94	451,702	2063,04	45,317	1637,18	33,435	1841,3	81,486	1580,3	144,66	2142,56	0,002	1754,9	0,002
86	520,916	1739,82	302,715	1428,7	624,65	1907,19999999999	37,891	1470,18	43,636	1874,17999999999	102,194	1304,12	193,825	2148,1	0,002	1838,68	0,003
87	637,093	2423,93999999999	317,715	1436,68	471,768	2329,31999999999	32,973	1641,78	38,34	2367,44	87,988	1819,46	115,118	2121,22	0,001	1868,08	0,003
88	604,574	2413,13999999999	223,742	1538,22	545,807	2010,89999999999	29,633	1455,12	25,362	2306,97999999999	98,918	1699,7	95,441	1944,36	0,002	1727,88	0,003
89	744,766	2091,41999999999	293,302	1799,95999999999	460,299	1932,82	33,384	1938,93999999999	26,142	2293,35999999999	69,602	1439,48	106,185	2181,2	0,001	1765,98	0,002
90	766,054	2163,79999999999	240,022	1536,18	571,822	1739,13999999999	30,571	1656,12	26,451	2234,01999999999	84,879	1374,18	108,37	2120,4	0,001	1805,1	0,003
91	706,984	2382,23999999999	218,765	1693,94	548,975	2090,77999999999	29,26	1829,46	42,191	2603,91999999999	85,167	1697,6	87,916	2115,2	0,001	1899,62	0,002
92	431,816	2280,81999999999	245,727	1760,26	365,596	2204,69999999999	38,769	1641,72	61,259	2516,61999999999	67,61	1510,86	92,613	2341,72	0,001	1793,34	0,002
93	429,698	2524,61999999998	253,329	1765,36	686,795	2127,23999999999	28,057	1780,48	40,034	2250,77999999999	69,973	1724,14	119,126	2236,8	0,002	1844,22	0,002
94	822,104	2159,85999999999	291,351	1535,58	689,455	1655,28	30,567	1510,46	45,452	2413,25999999999	66,036	1311,96	135,172	2276,06	0,001	1805,44	0,002
95	639,478	2253,93999999999	185,855	1713,22	437,992	2296,33999999999	19,576	1388,1	47,424	2091,81999999999	95,311	1532,14	147,608	2110,14	0,001	1700,52	0,002
96	712,756	2412,87999999999	220,314	1779,74	524,267	1716,44	43,357	1433,22	39,698	1947,3	58,989	1555,72	102,077	2225,52	0,001	1915,9	0,003
97	834,451	2240,15999999999	202,844	1332,52	619,942	1888,28	42,653	1594,24	40,658	2225,07999999999	82,021	1708,06	114,517	2059,6	0,002	1722	0,003
98	857,05	2554,87999999999	186,14	2038,82	476,73	2233,71999999999	52,042	1878,8	32,938	2251,51999999999	99,764	1914,18	90,292	2065,62	0,001	1911,72	0,003
99	830,522	1983,73999999999	224,202	1478,1	428,613	1870,87999999999	28,6	1382,16	36,617	2290,77999999999	67,3	1596,54	99,583	2054,2	0,001	1738,62	0,002
100	356,969	2149,93999999999	208,366	1604,54	377,198	1746,96	21,752	1375,12	33,617	2299,29999999999	67,092	1399,3	148,019	2192,42	0,002	1706,4	0,002

