2017-09-06 02:43:43:0904	../../../files/testListWithPickListSize100_part05.txt
InstanceNumber	DistanceMatrixRunningTime	GACycleSwapTotalDistance	GACycleSwapRunningTime	GACycleInversionTotalDistance	GACycleInversionRunningTime	GAOrderedSwapTotalDistance	GAOrderedSwapRunningTime	GAOrderedInversionTotalDistance	GAOrderedInversionRunningTime	GAPMXSwapTotalDistance	GAPMXSwapRunningTime	GAPMXInversionTotalDistance	GAPMXInversionRunningTime	SShapeTravelledTotalDistance	SShapeRunningTime	LargestGapTravelledTotalDistance	LargestGapRunningTime
1	612,325	2271,19999999999	211,639	1575,12	418,343	2254,41999999999	17,139	1730,66	31,16	1884,87999999999	101,121	1611,64	79,711	2209,72	0,004	1822,4	0,006
2	747,054	1740,64	207,648	1790,82	597,434	1976,61999999999	24,891	1740,82	21,27	2180,11999999999	118,764	1653,64	73,516	2110	0,001	1717,82	0,002
3	621,282	2326,25999999999	119,593	1435,18	518,475	2066,93999999999	28,837	1537	45,265	1850,61999999999	115,809	1653,32	74,308	2055,22	0,002	1729,24	0,003
4	692,169	2324,07999999999	281,985	1877,72	345,227	2022,75999999999	21,11	1689,76	27,956	2401,69999999999	98,228	1829,7	106,028	2380,22	0,001	1794,02	0,002
5	355,242	2002,79999999999	198,587	1282,3	522,098	1825,88	31,543	1435,52	25,959	2214,81999999999	90,78	1598,34	87,472	1983,14	0,001	1718,16	0,002
6	357,572	2228,07999999999	192,781	1680,8	346,468	1997,38	28,166	1474,5	42,38	2116,37999999999	144,335	1582,64	72,173	2077,24	0,001	1745,18	0,002
7	352,939	2563,93999999999	197,718	1642,16	505,979	2368,19999999999	29,66	1704,2	32,992	1957,16	113,901	1559,08	103,089	2081,9	0,001	1672,48	0,002
8	359,241	2351,29999999999	234,047	1790	366,151	2108,63999999999	25,038	1584,38	41,075	2024,65999999999	94,026	1656,3	106,191	2225,86	0,001	1767	0,002
9	347,568	2186,67999999999	159,402	1555,92	527,858	1798,32	25,951	1687,18	33,183	2239,81999999999	110,487	1269,28	102,406	2192,28	0,001	1804,76	0,002
10	353,216	2495,29999999999	246,571	1743,16	344,949	1900,92	32,607	1660,82	35,3	1957,87999999999	74,44	1542,76	81,721	2082,78	0,001	1651,68	0,002
11	351,513	2059,01999999999	355,34	1620,58	486,581	1741,76	41,661	1711,72	32,217	1896,45999999999	75,73	1456,48	82,036	2148,58	0,001	1777,74	0,002
12	356,964	2486,83999999998	211,994	1690,36	461,938	2073,39999999999	31,252	1781,5	32,714	2152,99999999999	65,939	1479,7	110,395	2143,58	0,001	1806,12	0,002
13	343,57	2235,23999999999	207,967	1619,28	478,905	2168,97999999999	22,026	1629	26,561	2509,19999999999	54,271	1738,88	108,756	2203,36	0,001	1710,92	0,002
14	546,115	2125,07999999999	175,488	1422,5	512,165	1909,33999999999	28,331	1324,62	34,868	2104,51999999999	66,31	1475,38	96,928	2115	0,001	1655,18	0,002
15	731,801	1970,85999999999	192,377	1770,02	505,816	2350,85999999999	32,184	1388,7	36,696	2256,61999999999	61,822	1407,24	115,151	2165,06	0,001	1794,02	0,002
16	698,196	2131,49999999999	260,016	1875,54	379,796	2126,76	35,503	1725,28	41,513	2551,61999999999	93,84	1953,1	135,957	2170,8	0,001	1888,88	0,002
17	672,233	2358,13999999999	231,681	1820,32	474,876	2268,85999999999	28,332	1637,54	39,402	2251,89999999999	84,417	1938,24	102,291	2054,54	0,001	1738,96	0,002
18	541,015	2131,63999999999	416,53	1730,42	658,836	1973,37999999999	33,204	1321	49,433	2047,66	93,203	1801,12	102,545	2181,2	0,001	1822,06	0,002
19	745,888	2182,21999999999	276,485	1810,18	439,051	1827,57999999999	35,433	1687,66	47,911	2185,07999999999	58,884	1498,56	132,288	2120,4	0,001	1727,2	0,002
20	757,941	2146,97999999999	205,283	1562,18	710,258	2424,87999999999	26,613	1393,64	21,269	1881,33999999999	126,411	1356,56	106,004	2175,8	0,001	1717,14	0,002
21	653,978	1950,97999999999	184,111	1642,72	516,843	2241,31999999999	36,488	1371,02	39,334	2666,35999999998	89,745	1587,72	98,62	2120,4	0,002	1799,22	0,002
22	758,391	2403,19999999999	218,224	1628,6	408,997	1909,9	28,768	1674	31,483	2057,59999999999	78,826	1728,86	121,886	1955,78	0,001	1592,1	0,002
23	651,962	2330,97999999999	145,262	1895,15999999999	497,78	2362,93999999999	33,99	1709,34	31,011	2261,13999999999	87,595	1814,12	101,639	2092,84	0,002	1722,34	0,002
24	721,108	2275,75999999999	310,916	1435,54	736,529	1939,87999999999	38,866	1449,04	34,522	2284,11999999999	80,812	1530,72	95,36	2264,44	0,002	1804,42	0,004
25	700,964	2106,57999999999	178,407	1000,2	564,561	1962,26	44,705	1653,1	38,456	2224,47999999999	107,333	1535,92	121,508	2209,04	0,001	1871,24	0,002
26	727,205	2184,25999999999	252,004	1642,16	482,67	1805,28	41,474	1538,24	35,675	2650,05999999999	84,995	1610,72	115,338	1922,2	0,002	1679,04	0,003
27	725,919	2202,27999999999	335,838	1335,46	348,551	1974,59999999999	34,858	1483,24	41,792	2050,63999999999	110,35	1673,8	92,835	2066,16	0,001	1706,4	0,002
28	697,757	1924,73999999999	208,217	1474,94	578,704	2155,03999999999	42,665	1697,32	36,107	2112,73999999999	101,02	1751,22	96,985	2026,64	0,001	1728,56	0,002
29	838,178	2395,15999999999	385,266	1718,24	407,122	2211,49999999999	23,325	939,200000000001	33,236	2139,91999999999	123,941	1481,06	107,2	1976,78	0,001	1777,06	0,002
30	509,88	2316,29999999999	197,926	1285,68	539,911	1662,54	20,907	1535,96	29,718	2448,81999999999	89,872	1582,6	129,252	2209,24	0,001	1727,54	0,002
31	687,752	2185,03999999999	303,09	1484,72	461,346	1925,75999999999	28,952	1499,38	32,045	2153,79999999999	91,755	1483,78	87,54	1994,42	0,001	1668,3	0,002
32	684,623	2336,81999999999	166,185	1610,38	529,17	1749,34	35,758	1253,92	35,609	2037,87999999999	71,535	1522,98	116,296	1998,8	0,001	1809,96	0,003
33	437,756	1883,44	198,091	1429,6	563,406	1938,99999999999	33,491	1599,64	34,296	2206,59999999999	61,117	1374,3	87,196	2188,92	0,002	1823,42	0,002
34	417,707	2272,31999999999	206,247	1360,98	435,206	2170,09999999999	33,83	1362,04	36,762	2317,95999999999	80,49	1819,94	148,932	2154,66	0,001	1779,44	0,002
35	1956,56	2342,69999999999	157,919	1206,68	544,723	2021,87999999999	25,106	1560,38	21,339	2043,61999999999	83,434	1447,7	133,414	2137,5	0,001	1745,18	0,002
36	679,867	2059,07999999999	246,234	1432,76	460,382	2099,93999999999	26,802	1420,8	32,51	1734,92	97,569	1375,68	116,419	2104,4	0,002	1678,7	0,002
37	527,19	1893,53999999999	277,245	1573,6	507,335	2217,77999999999	30,817	1594,1	42,083	2144,97999999999	115,837	1728	105,535	2109,46	0,001	1870,9	0,002
38	770,621	2170,33999999999	244,807	1586,08	658,496	2172,81999999999	28,979	1522,22	34,745	1963,86	114,698	1750	91,303	2170,26	0,001	1705,38	0,002
39	680,527	1977,83999999999	215,457	1421,2	563,147	1918,33999999999	36,097	1395,28	36,118	2150,27999999999	58,706	1342,7	103,251	2098,38	0,001	1732,4	0,003
40	794,336	2059,59999999999	428,483	2094,41999999999	642,606	1885,83999999999	30,176	1407,84	39,053	2404,23999999999	72,998	1226,6	136,522	2347,12	0,001	1910,36	0,002
41	656,949	2266,49999999999	145,623	1370,6	412,268	1765,17999999999	32,056	1594,5	30,351	1614,77999999999	106,652	1359,48	135,835	1955,44	0,001	1656,54	0,002
42	685,204	2250,59999999999	215,769	1843,21999999999	580,308	2021,29999999999	37,736	1769,5	25,841	2199,63999999999	59,002	1402,28	112,307	2186,74	0,001	1776,72	0,003
43	795,636	1978,13999999999	347,153	1701,86	461,923	1970,36	44,135	1688,62	50,85	2008,89999999999	91,173	1841,86	101,289	2209,04	0,001	1806,46	0,003
44	755,35	2398,81999999998	207,067	1815,31999999999	478,7	2209,37999999999	38,335	1248,44	37,881	1793,42	121,133	1727,16	104,115	2170,26	0,001	1843,54	0,002
45	793,922	2410,23999999999	211,916	1479,56	467,551	2006,19999999999	26,619	1835,06	41,549	2246,53999999999	106,665	1406,68	106,323	1999,48	0,002	1711,6	0,002
46	630,779	1952,85999999999	418,413	1587,2	483,791	2006,27999999999	20,328	1292,66	29,281	2061,41999999999	84,962	1505,94	116,161	2181,68	0,002	1799,9	0,003
47	694,767	2141,39999999999	292,745	1283	485,841	2148,61999999999	21,935	1435,92	36,725	2011,78	106,346	993,280000000001	113,584	1833,16	0,002	1689,1	0,003
48	676,241	2139,63999999999	212,184	1625,02	437,735	2059,63999999999	22,119	1541,18	30,268	1813,39999999999	82,269	1724,96	99,601	2015,9	0,001	1633,7	0,002
49	351,456	2191,97999999999	240,296	1635,28	400,984	1995,43999999999	41,227	1375,94	34,495	2545,33999999999	78,435	1508,62	83,557	2231,06	0,001	1932,18	0,002
50	353,688	2436,13999999999	248,4	1846,96	432,574	1977,09999999999	41,795	1623,4	30,201	2469,13999999999	64,639	1686,86	85,207	2182,36	0,001	1778,42	0,002
51	332,197	2195,81999999999	176,76	1357,92	521,745	1861,01999999999	29,907	1724	30,289	2277,61999999999	132,875	1636,04	122,57	2209,04	0,001	1727,2	0,002
52	337,204	2606,89999999999	246,731	1313,5	395,669	2235,27999999999	24,402	1448,9	41,353	2329,71999999999	63,519	1637,84	87,514	2164,86	0,001	1760,1	0,002
53	337,236	2098,19999999999	277,797	1720,9	448,963	2152,73999999999	30,927	1667,46	33,736	2097,53999999999	91,061	1593,34	112,952	2153,64	0,001	1866,04	0,002
54	335,104	2277,95999999999	170,497	1714,46	324,963	2068,05999999999	25,629	1463,14	40,188	2013,77999999999	94,907	1503,42	90,751	2098,72	0,002	1651,68	0,002
55	335,557	2286,15999999999	150,701	1735	458,958	2106,47999999999	29,644	1637,28	39,472	2342,19999999999	84,5	1878,34	78,925	2082,1	0,002	1771,52	0,002
56	332,009	2375,21999999999	321,668	1551,68	447,154	2002,13999999999	20,297	1401,94	24,662	2239,17999999999	63,806	1783,26	91,349	1982,66	0,001	1772,54	0,002
57	335,356	2296,95999999999	252,04	1495,5	422,192	2241,79999999999	28,293	1601,44	31,879	1944,99999999999	99,084	1573,54	87,898	1988,4	0,001	1689,1	0,002
58	335,223	2388,55999999999	197,668	1824,4	599,204	2107,27999999999	35,789	1572,28	37,636	2183,75999999999	122,525	1730,82	124,992	2037,58	0,001	1749,36	0,002
59	335,481	2662,75999999999	254,492	1886,91999999999	295,624	2246,15999999999	27,862	1654,96	39,682	2351,27999999999	90,879	1764,34	129,852	1998,94	0,001	1756,26	0,002
60	341,351	2243,49999999999	298,97	1806,96	511,786	1548,24	27,601	1253,68	50,896	2261,17999999999	99,886	1630,64	87,77	2048,66	0,001	1782,26	0,002
61	361,101	2515,17999999999	198,56	1790,44	518,06	2075,7	45,342	1656,2	36,424	2200,19999999999	96,753	1801,08	84,523	2104,8	0,001	1745,52	0,002
62	425,192	2464,51999999999	231,259	1169,12	495,057	2258,11999999999	28,536	1798,02	36,031	2433,03999999999	116,137	1488,36	110,987	2109,46	0,001	1789,84	0,002
63	521,868	2159,65999999999	240,201	1984,54	397,044	1941,97999999999	21,125	1447,14	30,241	2415,95999999999	85,531	1242,76	88,743	2054,4	0,001	1755,24	0,002
64	721,412	2017,67999999999	244,368	1593,78	346,663	2006,95999999999	24,036	1294,02	23,735	2378,07999999999	59,915	1610,5	105,638	2004,34	0,001	1826,92	0,002
65	649,98	2328,15999999999	299,92	1537	507,827	1771,86	26,237	1483,06	30,244	2237,61999999999	84,66	1445,16	117,463	2087,78	0,001	1661,74	0,002
66	760,955	2309,67999999999	223,5	1796,99999999999	440,549	2254,85999999999	21,652	1678,52	42,355	2456,55999999999	77,057	1518	79,176	2059,6	0,001	1606,34	0,003
67	682,504	2290,37999999999	229,771	1683,04	566,491	2222,35999999999	29,375	1832,96	26	2453,09999999999	85,222	1544,3	138,042	2037,92	0,001	1810,64	0,002
68	706,062	1948,55999999999	215,17	1753,6	508,676	1827,74	42,719	1542,06	33,001	2151,07999999999	101,008	1719,88	114,162	2220,32	0,001	1771,86	0,002
69	736,928	2003,51999999999	184,702	1487,68	661,583	1823,22	30,815	1412,52	35,506	1729,38	92,231	1364,26	91,445	2071,02	0,001	1711,26	0,002
70	763,034	2187,81999999999	135,194	1693,44	501,613	1787,59999999999	26,294	1219,92	37,289	2284,07999999999	83,306	1665,3	87,875	2104,4	0,002	1771,86	0,003
71	731,151	2172,31999999999	185,912	1998,47999999999	450,909	2305,45999999999	19,178	1748,06	37,493	2287,77999999999	101,902	1764,88	107,92	2126,28	0,002	1900,3	0,004
72	728,555	2101,73999999999	214,497	1760,26	498,504	2187,39999999999	44,345	1816,14	31,699	2500,61999999998	102,753	1663,6	165,636	2092,84	0,003	1838,34	0,002
73	615,458	2010,54	315,137	1779,78	589,52	2057,49999999999	33,158	1792,04	44,267	2183,57999999999	108,981	1619,84	154,695	2280,92	0,001	1849,08	0,002
74	794,081	2397,11999999999	232,04	1730,28	453,37	1814,66	37,283	1877,82	39,525	2091,71999999999	95,501	1738,2	79,807	2142,56	0,001	1700,18	0,003
75	643,467	2106,09999999999	212,667	1498,5	560,242	2167	35,08	1467,7	31,147	2549,51999999999	82,778	1250,76	118,808	2187,7	0,001	1805,78	0,002
76	1827,779	2595,77999999998	234,331	1925,5	486,952	2105,27999999999	49,2	1706,58	49,912	2406,35999999999	92,7	1928,34	106,047	2082,24	0,002	1777,4	0,002
77	427,169	2367,27999999999	156,493	1653,98	344,854	2118,59999999999	29,267	1405,06	46,677	2104,69999999999	112,344	1586,9	121,402	2242,82	0,001	1788,82	0,002
78	436,215	2203,15999999999	248,556	1321,02	687,842	2237,75999999999	28,871	1327,3	43,685	2506,55999999998	110,349	1569,9	100,71	2120,4	0,001	1678,02	0,002
79	543,149	2333,05999999999	300,269	1702,5	734,667	2036,35999999999	26,422	1750,6	53,837	2329,89999999999	108,811	1620,98	103,431	2043,46	0,002	1706,4	0,003
80	380,206	2214,21999999999	268,635	1599,12	522,895	2187,21999999999	27,781	1773,18	30,805	2461,37999999998	115,78	1721,98	125,641	2065,48	0,002	1766,66	0,002
81	652,101	2064,99999999999	391,929	1773,58	513,12	1960,91999999999	32,135	1386,34	37,118	2105,03999999999	108,185	1733,57999999999	104,765	2060,08	0,001	1734,44	0,003
82	791,223	2022,62	312,4	1604,82	515,882	1942,11999999999	30,188	1575,64	47,786	2247,47999999999	99,773	1407,98	110,394	2109,46	0,001	1804,76	0,002
83	373,569	2693,75999999999	181,175	1654,62	463,299	1917,66	32,167	1832,3	33,116	2648,15999999999	58,189	1881,84	137,333	2155	0,002	1797,08	0,002
84	368,008	2109,73999999999	248,349	1422,76	509,56	2053,71999999999	33,402	1455,8	51,9	1824,28	119,052	1392,28	108,369	2204,32	0,001	1794,7	0,002
85	557,025	2348,51999999999	245,837	1675,94	451,702	2063,04	45,317	1637,18	33,435	1841,3	81,486	1580,3	144,66	2142,56	0,002	1754,9	0,002
86	520,916	1739,82	302,715	1428,7	624,65	1907,19999999999	37,891	1470,18	43,636	1874,17999999999	102,194	1304,12	193,825	2148,1	0,002	1838,68	0,003
87	637,093	2423,93999999999	317,715	1436,68	471,768	2329,31999999999	32,973	1641,78	38,34	2367,44	87,988	1819,46	115,118	2121,22	0,001	1868,08	0,003
88	604,574	2413,13999999999	223,742	1538,22	545,807	2010,89999999999	29,633	1455,12	25,362	2306,97999999999	98,918	1699,7	95,441	1944,36	0,002	1727,88	0,003
89	744,766	2091,41999999999	293,302	1799,95999999999	460,299	1932,82	33,384	1938,93999999999	26,142	2293,35999999999	69,602	1439,48	106,185	2181,2	0,001	1765,98	0,002
90	766,054	2163,79999999999	240,022	1536,18	571,822	1739,13999999999	30,571	1656,12	26,451	2234,01999999999	84,879	1374,18	108,37	2120,4	0,001	1805,1	0,003
91	706,984	2382,23999999999	218,765	1693,94	548,975	2090,77999999999	29,26	1829,46	42,191	2603,91999999999	85,167	1697,6	87,916	2115,2	0,001	1899,62	0,002
92	431,816	2280,81999999999	245,727	1760,26	365,596	2204,69999999999	38,769	1641,72	61,259	2516,61999999999	67,61	1510,86	92,613	2341,72	0,001	1793,34	0,002
93	429,698	2524,61999999998	253,329	1765,36	686,795	2127,23999999999	28,057	1780,48	40,034	2250,77999999999	69,973	1724,14	119,126	2236,8	0,002	1844,22	0,002
94	822,104	2159,85999999999	291,351	1535,58	689,455	1655,28	30,567	1510,46	45,452	2413,25999999999	66,036	1311,96	135,172	2276,06	0,001	1805,44	0,002
95	639,478	2253,93999999999	185,855	1713,22	437,992	2296,33999999999	19,576	1388,1	47,424	2091,81999999999	95,311	1532,14	147,608	2110,14	0,001	1700,52	0,002
96	712,756	2412,87999999999	220,314	1779,74	524,267	1716,44	43,357	1433,22	39,698	1947,3	58,989	1555,72	102,077	2225,52	0,001	1915,9	0,003
97	834,451	2240,15999999999	202,844	1332,52	619,942	1888,28	42,653	1594,24	40,658	2225,07999999999	82,021	1708,06	114,517	2059,6	0,002	1722	0,003
98	857,05	2554,87999999999	186,14	2038,82	476,73	2233,71999999999	52,042	1878,8	32,938	2251,51999999999	99,764	1914,18	90,292	2065,62	0,001	1911,72	0,003
99	830,522	1983,73999999999	224,202	1478,1	428,613	1870,87999999999	28,6	1382,16	36,617	2290,77999999999	67,3	1596,54	99,583	2054,2	0,001	1738,62	0,002
100	356,969	2149,93999999999	208,366	1604,54	377,198	1746,96	21,752	1375,12	33,617	2299,29999999999	67,092	1399,3	148,019	2192,42	0,002	1706,4	0,002

2017-09-08 00:21:53:0508	../../../files/testListWithPickListSize100_part04.txt
InstanceNumber	DistanceMatrixRunningTime	GACycleSwapTotalDistance	GACycleSwapRunningTime	GACycleInversionTotalDistance	GACycleInversionRunningTime	GAOrderedSwapTotalDistance	GAOrderedSwapRunningTime	GAOrderedInversionTotalDistance	GAOrderedInversionRunningTime	GAPMXSwapTotalDistance	GAPMXSwapRunningTime	GAPMXInversionTotalDistance	GAPMXInversionRunningTime	SShapeTravelledTotalDistance	SShapeRunningTime	LargestGapTravelledTotalDistance	LargestGapRunningTime
1	698,927	2244,55999999999	300,027	1519,7	489,419	1490,96	51,365	1625,02	26,702	2261,43999999999	92,228	1485,46	105,695	2181,2	0,001	1739,3	0,002
2	596,957	2311,27999999999	226,789	1486,84	542,191	1895,44	34,538	1638,78	43,686	2375,21999999999	73,835	1028,04	111,114	2226,2	0,002	1816,86	0,003
3	712,765	2181,61999999999	232,652	1459,98	531,583	1813,2	30,587	1606,32	39,171	2064,19999999999	71,267	1734,86	68,485	2192,28	0,001	1805,1	0,002
4	775,3	2445,45999999999	331,562	1847,14	425,953	2135,82	24,416	1720,5	42,276	2049,67999999999	71,831	1810,11999999999	98,284	2059,94	0,002	1712,28	0,002
5	569,606	2327,85999999999	290,941	1568,54	453,396	1957,77999999999	40,201	1694,5	28,864	2060,95999999999	97,594	1689,06	105,155	2165,4	0,001	1683,9	0,003
6	365,329	2203,41999999999	285,123	1695	371,119	2019,09999999999	23,72	1683,39999999999	41,477	2141,97999999999	120,183	1662,92	114,918	2049,34	0,001	1690,12	0,002
7	343,926	2694,97999999999	262,262	1759,82	520,155	2487,05999999999	35,802	1897,98	31,272	2446,87999999999	102,438	1898,76	115,924	2269,98	0,001	1816,86	0,002
8	342,85	2595,15999999998	187,056	1602,76	409,765	2034,21999999999	24,291	1539,96	31,355	2087,58	101,379	1625,84	88,783	2253,42	0,002	1799,9	0,002
9	338,046	2199,61999999999	276,801	1478,12	465,091	1877,29999999999	28,393	1691,44	33,825	2489,93999999999	86,855	1582	125,888	2153,64	0,001	1788,48	0,002
10	342,697	2502,21999999999	239,818	1546,92	326,184	2262,59999999999	34,071	1743,26	36,619	2330,47999999999	82,236	1589,84	101,386	2043,12	0,001	1854,62	0,002
11	433,088	2301,55999999999	220,318	1726,84	477,934	2105,11999999999	36,882	1715,36	37,274	1917,55999999999	108,003	1498,86	102,809	2181,54	0,001	1811,32	0,002
12	424,961	1938,41999999999	342,183	1708,58	548,765	1926,32	26,664	1448,64	45,631	2152,43999999999	90,195	1737,66	87,443	2021,24	0,002	1671,46	0,002
13	431,004	2322,23999999999	236,913	1608,2	514,017	2049,18	38,941	1660,64	40,682	2303,43999999999	94,817	1469,84	108,219	2187,36	0,001	1849,42	0,003
14	663,282	2346,37999999999	207,15	1803,9	535,181	2185,51999999999	25,312	1823,98	37,796	2234,07999999999	125,688	1714,76	107,758	2120,54	0,002	1833,14	0,002
15	704,955	2331,83999999998	330,364	1822,76	613,251	2075,2	35,646	1572,12	49,544	2433,21999999999	107,872	1833,97999999999	130,457	2209,04	0,001	1815,5	0,002
16	513,888	2458,97999999999	233,284	1618,6	607,408	2094,39999999999	18,38	1564,9	45,126	2416,83999999999	73,163	1599,5	109,794	2037,58	0,001	1750,04	0,002
17	660,688	2389,17999999999	245,319	1580,84	597,554	2128,07999999999	22,823	1743,78	30,062	2469,57999999999	78,562	1563,74	87,903	2214,44	0,001	1782,6	0,002
18	690,409	2199,07999999999	316,502	1788,57999999999	703,179	2114,69999999999	25,078	1795,94	39,127	2283,45999999999	78,467	1806,24	65,687	2109,46	0,001	1750,38	0,002
19	670,818	2337,13999999999	262,783	1909,3	534,262	1947,71999999999	32,642	1367,88	35,637	2287,23999999999	86,355	1593,92	93,647	2181,2	0,001	1749,36	0,002
20	473,266	2237,33999999999	236,813	1546,24	518,029	1892,33999999999	28,87	1659,26	21,81	2245,43999999999	73,492	1764,12	91,815	2087,64	0,001	1772,2	0,002
21	577,181	1987,81999999999	195,008	1725,56	516,366	2054,98	35,396	1235,94	32,009	2480,95999999999	57,141	1448,98	119,143	2015,42	0,001	1754,9	0,002
22	702,109	2045,69999999999	299,238	1662,72	370,212	1850,68	40,923	1797,7	55,441	2472,97999999999	98,229	1741,5	136,359	2131,48	0,001	1783,28	0,002
23	2001,856	2057,41999999999	237,165	1673,2	429,669	1995,54	21,936	1649,36	35,8	2367,71999999999	96,893	1599,5	68,776	2170,8	0,002	1850,44	0,004
24	682,594	1605,87999999999	503,495	1265,02	608,01	2029,77999999999	35,974	1427,9	28,872	1904,18	114,066	1829,12	102,606	2352,66	0,001	1700,18	0,003
25	735,914	2545,11999999999	184,49	1700,54	546,255	1934,35999999999	45,144	1344,8	48,247	2244,51999999999	91,672	1447,2	92,299	2209,38	0,002	1678,36	0,003
26	690,464	2605,15999999999	240,079	1839,28	539,067	2335,47999999999	36,356	1587,64	42,173	2223,75999999999	81,248	1811,86	111,579	2032,72	0,002	1745,18	0,003
27	668,875	2217,97999999999	214,054	1669,06	544,207	2137,73999999999	24,615	1652,42	29,361	2367,15999999998	80,655	1794,51999999999	82,767	1916,32	0,002	1589,72	0,003
28	611,545	2263,65999999999	229,298	1736,16	509,075	1711,78	36,231	1972,27999999999	34,111	2129,95999999999	129,053	1574,42	98,237	2243,02	0,002	1871,92	0,002
29	747,348	2578,09999999999	333,912	1680,28	528,294	2275,21999999999	23,07	1973,56	41,195	2269,09999999999	94,983	1829,6	109,17	2098,52	0,001	1826,58	0,003
30	622,21	2135,61999999999	175,253	1874,62	412,001	2185,85999999999	17,924	1644,48	40,009	2133,19999999999	107,489	1597,12	86,677	2065,82	0,002	1613,58	0,003
31	524,086	2397,71999999998	209,676	1720,74	493,635	1927,77999999999	29,113	1181,02	29,495	2192,31999999999	131,116	1695,18	122,607	2115	0,001	1717,82	0,002
32	558,989	2203,37999999999	226,136	1720,44	678,503	1900,76	35,39	1704,72	25,871	2419,25999999999	77,636	1351,22	108,75	2059,6	0,001	1776,72	0,003
33	669,265	1849,1	307,952	1145,5	613,61	1891,44	34,515	1365,9	46,988	2313,57999999999	82,796	1910,86	92,078	2110,68	0,001	1740,32	0,002
34	654,55	2161,53999999999	276,155	1775,86	455,022	2061,97999999999	26,278	1773,58	26,789	2672,43999999999	52,463	1584,06	98,753	2209,38	0,002	1822,06	0,003
35	515,187	2362,23999999999	253,148	1744,38	433,024	2264,19999999999	25,535	1405,62	40,138	1973,81999999999	75,467	1757,44	83,796	2225,86	0,001	1844,56	0,003
36	758,598	2120,25999999999	186,438	1496,52	533,357	1851,94	30,54	1537,06	39,995	2248,83999999999	59,603	1646,3	93,598	2043,12	0,002	1689,1	0,002
37	610,052	2356,39999999999	280,381	1624,96	449,683	1803,47999999999	36,548	1570,68	25,589	2236,45999999999	105,472	1717,98	108,388	2209,72	0,001	1739,3	0,002
38	597,757	1529,24	344,73	1803,56	338,158	1941,31999999999	43,476	1235,36	32,482	2472,55999999999	71,874	1708,94	100,32	2120,4	0,001	1754,56	0,002
39	405,315	2691,13999999998	253,009	1912,76	532,742	2187,53999999999	38,494	1524,26	28,818	2253,35999999999	82,711	1465,66	120,148	2297,6	0,001	1888,54	0,003
40	372,078	2589,23999999999	195,738	1549,44	552,234	1942,55999999999	29,22	1589	33,057	2160,15999999999	66,73	1517,78	121,073	2087,44	0,001	1744,16	0,002
41	345,16	2323,09999999999	217,608	1607,9	648,618	2081,17999999999	23,233	1559,98	31,265	1995,59999999999	75,92	1793,76	79,038	2082,44	0,001	1745,52	0,002
42	342,451	2181,13999999999	239,163	1731,64	476,306	2075,79999999999	21,904	1605,64	49,243	2270,17999999999	63,152	1581,04	78,123	2159,86	0,001	1816,52	0,002
43	378,678	2230,31999999999	262,587	1491,52	456,577	1877,73999999999	30,533	1481,96	31,101	2781,71999999998	58,818	1697,8	111,054	2094,4	0,001	1795,38	0,002
44	347,926	2347,31999999999	358,842	1778,58	425,723	1931,71999999999	29,89	1562,18	28,687	2191,23999999999	70,816	1625,8	85,298	2137,84	0,001	1755,58	0,003
45	428,047	2773,95999999998	147,612	1513,84	537,755	2280,41999999999	33,08	1760,6	24,171	2355,21999999999	93,694	1994,84	87,395	2120,4	0,001	1776,72	0,002
46	430,363	2564,13999999998	187,189	1894,72	407,387	2405,71999999998	38,112	1601,1	42,201	2432,13999999999	67,822	1637,44	125,828	2198,16	0,001	1838,34	0,002
47	436,03	2289,93999999999	202,097	1740,82	555,53	1925,52	25,301	1602,18	34,023	2246,01999999999	97,308	1505,6	140,721	2253,22	0,001	1838	0,002
48	756,381	2034,89999999999	252,444	1509,72	627,334	1790,94	24,259	1791,9	20,506	1919,77999999999	83,027	1631,72	88,05	2325,24	0,001	1866,72	0,002
49	527,794	2249,61999999999	185,887	1705,87999999999	396,481	2096,89999999999	18,933	1761,38	29,389	2124,45999999999	65,272	1179,76	106,768	2082,1	0,001	1711,94	0,002
50	633,583	2039,41999999999	167,85	1653,78	380,709	2128,85999999999	25,081	1395,34	47,112	1946,61999999999	80,328	1576,46	84,58	2060,08	0,001	1788,48	0,002
51	393,536	2508,55999999999	174,82	1295,14	504,053	2118,23999999999	36,499	1499,04	36,257	2275,67999999999	110,7	1560,04	91,727	2060,08	0,001	1783,96	0,002
52	541,535	1903,09999999999	265,303	1169,04	514,468	2136,39999999999	31,342	1515,92	35,239	2234,63999999999	92,891	1621,32	121,36	2286,32	0,001	1882,66	0,002
53	556,946	2222,11999999999	185,95	1187,58	402,07	2243,77999999999	24,541	1388,46	33,96	2303,89999999999	86,428	1372,1	96,047	2131,48	0,001	1779,1	0,002
54	363,911	2133,91999999999	176,897	1410,8	465,4	2235,35999999999	18,491	1515,66	22,922	2152,31999999999	76,242	1427,08	93,473	2120,4	0,001	1716,12	0,002
55	609,878	2226,25999999999	201,103	1865,04	585,687	2111,53999999999	26,359	1793,64	33,731	2276,59999999999	80,43	1849,64	96,197	2314,36	0,001	1838,68	0,002
56	379,955	2244,31999999999	216,532	2047,12	378,237	2032,79999999999	29,149	1824,5	33,888	2333,59999999999	90,116	1713,36	110,282	2226,2	0,002	1827,6	0,003
57	341,543	2459,27999999999	177,163	1595,48	573,712	2030,15999999999	21,884	1569,76	28,967	2426,85999999999	107,823	1726,48	118,775	2120,54	0,001	1688,42	0,002
58	340,936	2405,63999999999	245,458	1662,04	474,492	1762,89999999999	29,029	1492,68	30,159	2029,31999999999	81,525	1553,02	99,011	2165,2	0,001	1788,82	0,003
59	340,941	2039,64	230,168	1642,56	465,463	1906,07999999999	23,086	1491,65999999999	41,627	2350,61999999999	88,801	1676	94,719	2164,86	0,001	1693,96	0,002
60	428,652	2219,47999999999	278,895	1731,36	483,242	1905,47999999999	30,297	1418,14	35,425	1983,25999999999	110,981	1706,76	78,008	2059,74	0,001	1694,3	0,002
61	744,255	2238,43999999999	203,987	1812,5	458,607	1929,63999999999	28,607	1439,48	42,4	2415,61999999999	79,996	1924,38	103,24	2286,66	0,002	1839,02	0,003
62	805,537	2059,15999999999	256,991	1723,86	473,602	2110,39999999999	26,31	1710,5	35,748	2243,83999999999	80,475	1539,04	105,819	2043,46	0,001	1844,56	0,003
63	372,551	2585,83999999999	160,667	1878,9	546,546	2040,67999999999	37,865	1754,94	34,434	2085,73999999999	68,172	1538,36	95,814	2170,8	0,001	1834,16	0,003
64	377,526	2370,77999999999	185,802	1762,98	429,542	2133,43999999999	25,991	1840,6	28,6	2359,49999999999	78,878	1891,56	92,745	2225,86	0,001	1899,96	0,002
65	374,559	2038,59999999999	236,271	1520,78	491,347	1770,43999999999	31,122	1458,78	33,063	2046,33999999999	105,205	1552	98,195	2209,38	0,001	1795,04	0,002
66	347,051	2121,85999999999	359,757	1882,4	566,658	2244,99999999999	31,725	1612,04	40,27	2346,17999999999	68,091	2022,8	115,005	2170,26	0,002	1855,64	0,002
67	342,052	2329,27999999999	175,268	1857,22	573,079	2079,47999999999	25,409	1638,58	40,697	2586,69999999998	60,25	1691,36	77,828	2170,26	0,001	1860,16	0,002
68	340,904	2043,37999999999	233,696	1570,1	466,828	1933,87999999999	33,024	1679,88	33,089	1946,1	136,629	1490,06	109,05	2165,06	0,001	1805,44	0,002
69	341,362	2220,53999999999	210,978	1979,1	449,602	2068,91999999999	30,114	1806,14	27,802	2521,09999999999	82,238	1643,02	66,861	2054,4	0,002	1799,56	0,003
70	340,391	2311,29999999999	272,69	1496,86	503,557	1981,63999999999	34,362	1756,76	47,942	2372,55999999999	67,49	1533,82	107,448	2049	0,001	1788,82	0,002
71	343,697	1915,79999999999	211,333	1603	351,284	2118,87999999999	30,61	1211,9	31,585	2089,73999999999	80,871	1605,28	93,269	2099,4	0,001	1619,46	0,002
72	429,442	2307,07999999999	241,033	1639,4	459,896	1899,07999999999	44,07	1571,9	33,855	2449,27999999999	66,543	1214,32	124,291	2242,14	0,001	1744,16	0,002
73	429,366	2706,25999999999	181,308	1514,64	382,147	1905,1	36,037	1579,42	48,419	2307,91999999999	111,971	1233,7	126,752	2182,16	0,001	1816,86	0,002
74	1820,106	2444,15999999999	231,55	1844,2	525,685	2156,73999999999	23,635	1714,82	33,213	2152,53999999999	74,524	1549,78	95,07	1988,2	0,001	1794,36	0,002
75	440,796	2249,03999999999	207,62	1901,44	404,282	2211,13999999999	28,704	1557,72	30,668	2308,83999999999	119,549	1870,78	105,748	2225,66	0,001	1798,88	0,002
76	769,968	2168,85999999999	293,122	1662,9	356,709	2153,97999999999	32,362	1673,78	29,346	2155,87999999999	63,871	1677,5	97,875	2154,12	0,002	1688,76	0,003
77	661,653	2066,31999999999	280,885	1416,7	451,068	1830,83999999999	31,596	1530,76	30,818	2158,93999999999	88,352	1574,88	80,39	1927,4	0,001	1677,68	0,002
78	582,577	1940,09999999999	242,562	1689,4	592,977	2105,31999999999	22,926	1175,92	46,196	2204,95999999999	120,964	1689,66	101,008	2148,44	0,001	1728,56	0,002
79	398,848	2103,37999999999	250,006	1520,48	509,518	1446,24	25,554	1735,96	44,486	2364,19999999999	77,967	1549,98	107,022	2170,6	0,002	1817,54	0,002
80	377,561	2117,81999999999	222,327	1798,5	498,94	2296,27999999999	30,072	864,14	28,38	2164,11999999999	80,277	1733,2	91,378	1982,32	0,001	1718,16	0,002
81	349,775	2062,27999999999	265,999	1456,22	500,863	1950,91999999999	34,395	1599,74	40,41	2240,23999999999	93,631	1589,14	132,524	2186,88	0,001	1809,96	0,002
82	353,796	2261,19999999999	145,477	1540,64	643,415	2195,39999999999	26,371	1807,26	28,124	2251,13999999999	114,035	1636,92	115,908	2126,42	0,001	1755,58	0,002
83	374,272	2319,05999999999	179,326	1847,26	370,157	1565,2	44,458	1369,68	40,654	2579,41999999998	63,806	1524,36	99,545	2103,92	0,001	1776,72	0,002
84	360,492	2773,75999999999	301,082	1783,24	563,559	2103,19999999999	42,519	1901,94	33,338	2317,75999999999	65,663	1613,78	127,807	2187,08	0,001	1762,14	0,002
85	773,858	2052,43999999999	229,408	1762,44	464,847	2194,49999999999	22,218	1653,78	43,407	1867,74	84,297	1765,7	88,214	2153,78	0,001	1711,26	0,002
86	407,948	2045,96	263,457	1709,52	534,947	2001,68	37,11	1624,5	28,096	1929,54	85,163	1706,9	112,407	2104,4	0,001	1707,42	0,002
87	366,95	1853,55999999999	225,191	1067,94	464,612	1656,26	36,589	1643,92	29,946	2198,69999999999	89,277	1525,24	145,17	2302,94	0,002	1782,26	0,003
88	373,952	2021,55999999999	309,427	1463,78	534,769	2330,53999999999	28,691	1930,05999999999	35,519	2500,55999999999	125,12	1887,06	92,815	2291,86	0,001	1893,74	0,002
89	368,752	2441,25999999999	264,821	1765,46	513,328	2008,65999999999	22,925	1712,78	28,579	2245,77999999999	97,165	1477,42	78,574	2275,72	0,001	1762,48	0,002
90	511,305	2413,59999999999	177,427	1530,6	474,925	2268,17999999999	31,047	1658,68	43,902	2068,23999999999	78,096	1661,58	99,486	2226,2	0,001	1779,1	0,002
91	645,403	2155,27999999999	269,436	1622,54	521,578	2030,13999999999	39,045	1583,8	27,515	2304,99999999999	78,279	1528,28	97,678	2098,52	0,002	1755,24	0,003
92	380,528	2294,67999999999	205,401	1825,04	559,87	1903,97999999999	30,173	1719,4	40,975	2120,89999999999	81,822	1537	117,652	2187,42	0,001	1789,5	0,002
93	341,684	2174,63999999999	327,654	1804,24	381,997	1753,74	41,727	1814,1	34,634	2163,83999999999	77,575	1459,92	124,153	2071,5	0,001	1817,54	0,002
94	346,273	2116,59999999999	281,858	1564,52	467,688	2143,85999999999	22,116	1499,92	31,762	2208,09999999999	66,873	1236,04	100,47	2059,6	0,001	1727,2	0,002
95	804,057	2364,47999999999	264,231	1551,28	432,899	1763,72	23,639	1529,52	38,41	1960,63999999999	81,487	1476,94	97,852	2094,2	0,002	1789,5	0,003
96	804,118	2384,29999999999	183,042	1825,03999999999	446,604	2175,35999999999	37,631	1749,38	33,504	2318,97999999999	59,936	1497	109,696	2065,96	0,001	1755,58	0,002
97	374,586	2183,75999999999	272,053	1182,92	430,635	1936,77999999999	36,94	1658,74	30,819	2230,71999999999	98,579	1661,6	93,436	1949,08	0,001	1667,28	0,002
98	374,105	2569,07999999999	209,254	1871,4	531,885	2095,35999999999	33,311	1900,8	28,776	2446,87999999999	71,659	1594,2	118,853	2137,16	0,001	1816,18	0,002
99	373,076	2410,13999999999	271,237	1434,7	506,19	2229,88	56,031	1521,94	35,454	2313,95999999999	100,509	1668,94	121,722	2275,38	0,001	1821,72	0,002
100	344,903	2483,61999999998	160,31	1168,36	608,105	1930,95999999999	34,836	1390,76	46,214	2363,33999999999	67,066	1538,56	98,367	2088,32	0,001	1789,16	0,002

2017-09-09 20:53:33:9626	../../../files/testListWithPickListSize100_part03.txt
InstanceNumber	DistanceMatrixRunningTime	GACycleSwapTotalDistance	GACycleSwapRunningTime	GACycleInversionTotalDistance	GACycleInversionRunningTime	GAOrderedSwapTotalDistance	GAOrderedSwapRunningTime	GAOrderedInversionTotalDistance	GAOrderedInversionRunningTime	GAPMXSwapTotalDistance	GAPMXSwapRunningTime	GAPMXInversionTotalDistance	GAPMXInversionRunningTime	SShapeTravelledTotalDistance	SShapeRunningTime	LargestGapTravelledTotalDistance	LargestGapRunningTime
1	400,692	2716,45999999998	168,408	1357,86	563,102	2516,11999999999	26,907	1375,36	22,913	2433,85999999999	87,719	1582,68	89,887	2115	0,001	1717,82	0,002
2	344,423	2512,49999999999	237,688	1392,02	325,408	2323,49999999999	20,271	1576,34	30,212	2259,29999999999	77,946	1639,54	76,446	2142,9	0,001	1883	0,002
3	340,194	2263,47999999999	179,65	1444,44	576,967	1827,02	33,863	1521,1	28,417	2066,25999999999	95,865	1344,42	90,667	2027,18	0,001	1646,14	0,002
4	342,788	2091,15999999999	347,782	1476,6	513,581	1978,67999999999	34,103	1662,76	35,172	1931,66	66,386	1415,62	99,335	2214,78	0,002	1827,26	0,003
5	340,641	2526,01999999999	305,336	1630,6	562,218	2408,55999999999	38,931	1758,84	39,855	2566,35999999999	79,206	1490,58	124,031	2175,8	0,001	1843,2	0,002
6	340,508	2121,81999999999	268,935	1786,02	456,839	2242,03999999999	35,492	1472,66	25,025	1816,22	52,663	1663,06	106,079	2054,4	0,001	1771,86	0,002
7	344,825	2186,55999999999	302,861	1758,12	374,845	2299,05999999999	29,023	1530,68	29,168	2288,15999999999	101,465	1715,54	130,638	2098,72	0,001	1749,7	0,002
8	341,789	2438,91999999999	175,968	1802,3	467,187	1951,21999999999	31,958	1585,6	35,395	2237,41999999999	61,311	1375,22	74,205	2170,26	0,001	1782,6	0,002
9	342,843	2517,49999999999	247,629	1739,12	448,462	2416,45999999999	23,524	1667,2	48,492	1967,29999999999	132,003	1878,02	80,068	2115	0,001	1771,52	0,002
10	342,916	2177,69999999999	226,244	1369	471,817	2224,13999999999	43,902	1359,72	39,464	1981,19999999999	96,45	1525,1	94,536	1989,22	0,001	1663,44	0,002
11	342,298	2432,89999999999	308,241	1836,24	459,822	2275,27999999999	35,46	1624,74	38,042	2259,35999999999	106,625	1532,94	98,251	2115,34	0,001	1823,08	0,002
12	357,273	2438,55999999999	184,596	1627,54	683,825	2069,73999999999	35,009	1797,44	29,063	2580,87999999998	58,26	1722,06	113,764	2198,16	0,002	1855,3	0,003
13	462,025	2364,11999999999	190,529	1392,38	454,515	2386,71999999999	23,728	1545,84	44,117	2293,69999999999	75,11	1490,54	98,835	1971,72	0,001	1716,12	0,002
14	368,944	2148,43999999999	254,162	1301,96	496,242	1694,51999999999	29,641	1431,94	39,042	2118,79999999999	76,124	1160,32	102,906	2054,88	0,001	1712,28	0,002
15	343,876	2390,21999999999	201,501	1590,76	395,948	1839,32	34,807	1683,72	36,88	2479,19999999999	61,225	1736,16	108,478	2115,2	0,001	1839,02	0,002
16	344,038	2119,87999999999	274,482	1351,16	494,429	2045,05999999999	26,051	1388,44	40,605	1997,39999999999	100,677	1411,48	90,54	2021,1	0,002	1727,54	0,003
17	342,52	2427,69999999999	234,539	1458,9	520,929	1861,52	30,689	1772,02	33,74	2387,83999999999	58,166	1906,29999999999	99,096	2120,68	0,001	1682,88	0,002
18	349,846	2280,87999999999	237,936	1616,08	507,789	2239,85999999999	42,115	1597,52	44,076	2110,81999999999	103,403	1424,52	105,601	2203,36	0,001	1899,96	0,002
19	414,035	2458,97999999999	257,597	1796,26	383,825	2058,13999999999	36,532	1698,12	38,213	2211,65999999999	78,905	1841,76	83,744	2049,2	0,001	1799,56	0,002
20	432,826	2653,03999999998	157,467	1791,89999999999	487,421	2173,25999999999	27,049	1526,12	28,383	2153,37999999999	79,508	1784,26	107,863	2187,08	0,001	1899,96	0,002
21	428,049	2057,19999999999	204,993	1658,8	380,342	1738,02	45,582	1472,9	34,301	2103,97999999999	65,739	1299,66	100,674	2203,5	0,001	1772,2	0,002
22	1829,069	2421,03999999999	294,603	1484,2	414,193	2005,21999999999	51,239	1762,88	37,569	2242,27999999999	115,48	1919,66	108,505	2061,3	0,001	1779,44	0,002
23	430,938	2243,83999999999	230,706	1679,2	361,806	1963,56	37,005	1264,56	23,215	2224,91999999999	71,889	1694,12	80,13	2087,78	0,002	1766,66	0,003
24	1827,656	2188,71999999999	250,934	1537,38	496,519	2242,27999999999	38,192	1825,88	36,241	2090,11999999999	112,253	1586,32	77,652	2265,32	0,001	1807,14	0,002
25	421,334	2002,97999999999	279,949	1651,84	518,71	1631,47999999999	51,144	1388,84	45,447	2084,33999999999	138,309	1266,12	90,956	2137,36	0,001	1727,2	0,002
26	1676,578	2382,71999999999	390,726	1261,5	520,864	2218,35999999999	50,471	1120,72	28,554	2177,69999999999	85,662	1651,7	92,228	2166,28	0,001	1797,08	0,002
27	1828,301	2089,29999999999	339,167	1608,88	543,825	2144,33999999999	41,363	1404,18	49,278	2308,47999999999	80,16	1875,2	90,273	2176	0,001	1893,4	0,002
28	353,904	2285,05999999999	284,597	1724,6	519,583	1853,85999999999	46,731	1394,56	41,741	2000,93999999999	139,781	1549,54	120,962	2076,9	0,001	1832,8	0,002
29	366,558	2354,73999999999	242,913	1322,86	718,31	2013,51999999999	33,691	1265,36	27,612	1952,95999999999	77,652	1408,7	134,021	2081,76	0,001	1665,92	0,002
30	343,162	2175,27999999999	190,287	1527,08	479,038	1918,21999999999	36,146	1675,64	37,17	2432,49999999998	58,042	1953,28	71,816	1962,2	0,001	1653,38	0,002
31	340,887	2289,13999999999	223,87	1778,38	457,385	1937,11999999999	23,755	1176,62	28,04	2407,03999999999	79,843	1654,12	73,023	2065,42	0,002	1632,68	0,003
32	341,085	2465,55999999999	209,202	1568	399,281	1882,06	36,637	1618,44	35,476	1877,73999999999	81,27	1612,92	79,488	2059,6	0,001	1771,86	0,002
33	344,539	2205,59999999999	236,244	1772,16	570,406	2363,81999999999	29,908	1766,82	33,195	2662,55999999998	81,407	1886,8	103,794	2269,84	0,001	1804,42	0,002
34	349,745	2229,69999999999	222,24	1332,6	527,818	1721,16	37,964	1749,42	30,681	2321,85999999999	139,329	1827,14	96,602	2280,78	0,001	1854,96	0,002
35	347,736	2455,09999999999	217,531	1882,52	497,968	2305,35999999999	28,575	1722,8	23,024	2154,03999999999	84,679	1947,84	94,503	2159,32	0,001	1827,94	0,002
36	378,817	2151,35999999999	180,17	1417,16	493,981	2044,2	22,152	1522,42	32,237	2263,17999999999	57,976	1635,96	73,612	2010,22	0,001	1689,44	0,002
37	635,2	2044,89999999999	267,74	1549,22	536,436	1355,9	33,66	934,680000000001	35,655	2128,49999999999	80,33	1453,9	103,837	2110	0,001	1667,96	0,002
38	817,396	2323,23999999999	377,209	1594,1	593,73	2148,77999999999	49,432	1955,99999999999	37,109	2560,83999999999	78,109	1872,04	93,822	2181,34	0,001	1876,78	0,002
39	369,804	1861,17999999999	244,934	1169,8	519,63	1766,65999999999	33,039	1410,8	37,696	2151,15999999999	112,176	1440,44	101,914	2203,7	0,001	1662,08	0,002
40	348,934	2226,45999999999	234,593	1603,28	461,022	1734,56	30,958	1629,06	27,502	2326,79999999999	69,539	1283,6	104,991	2010,02	0,001	1738,62	0,002
41	345,366	2520,93999999998	179,174	1626,82	413,699	2088,85999999999	29,605	1738,58	29,675	2370,73999999999	118,588	1462,26	97,539	2269,7	0,001	1711,26	0,003
42	343,805	2221,17999999999	206,184	1875,09999999999	539,439	2225,55999999999	34,597	1912,99999999999	29,931	2449,17999999999	74,942	1752,38	102,152	2099,06	0,001	1906,52	0,002
43	346,479	2035,87999999999	286,261	1690,76	537,504	2166,69999999999	39,077	1482,24	29,849	2303,71999999999	106,298	1689,22	97,417	2197,96	0,002	1871,92	0,002
44	401,558	1970,17999999999	205,453	1395,48	479,402	1802,73999999999	26,605	1561	35,891	1822,49999999999	98,971	1555,38	65,821	1938,48	0,001	1694,98	0,002
45	350,928	2003,55999999999	272,344	1151,38	577,459	2391,43999999999	36,197	1248,48	38,786	2268,67999999999	79,022	1570,58	136,396	2071,16	0,001	1739,3	0,002
46	379,514	2370,75999999999	304,125	1589,06	444,586	2109,29999999999	30,203	1545,4	32,311	2225,95999999999	71,367	1892,49999999999	67,107	2225,52	0,001	1760,78	0,002
47	365,426	2631,31999999998	175,521	1838,46	485,576	2350,15999999999	28,585	1530,88	27,684	2292,81999999999	110,203	1454,68	102,577	2115	0,001	1843,2	0,002
48	343,699	2106,53999999999	242,791	1267,86	466,178	1776,73999999999	36,719	1401,02	37,206	1901,22	81,759	1499,72	90,862	2220,32	0,001	1782,6	0,002
49	350,535	2134,67999999999	255,086	1691,08	425,976	2052,25999999999	31,985	996,560000000001	32,255	2149,21999999999	111,583	1335,68	103,685	2209,38	0,001	1794,36	0,003
50	346,777	2146,83999999999	198,527	1444,58	573,138	1914,47999999999	36,47	1617,52	31,356	1993,37999999999	156,655	1899,92	82,129	2043,46	0,001	1782,94	0,002
51	344,247	1901,16	248,819	1638,28	450,546	2226,81999999999	18,845	1334,06	28,522	2237,17999999999	73,595	1227,06	108,328	2209,38	0,001	1826,92	0,002
52	607,301	2506,81999999998	233,761	1734,56	446,092	2274,65999999999	37,704	1727,22	22,102	2349,57999999999	105,682	1447,04	71,981	2026,84	0,001	1727,88	0,002
53	542,78	2387,23999999999	220,349	1382,32	458,081	1735,64	28,998	1717,1	27,546	2264,15999999999	86,376	1497,98	107,855	2137,7	0,001	1750,38	0,002
54	585,129	1926,24	283,141	1924,41999999999	450,808	2033,35999999999	46,325	1448,94	26,683	1891,88	100,069	1582	116,852	2115	0,001	1717,48	0,002
55	506,383	2488,41999999999	211,92	1770,38	447,888	2157,77999999999	17,65	1572,86	27,963	1968,89999999999	86,063	1441,4	130,435	2170,26	0,001	1771,18	0,003
56	555,053	2119,09999999999	231,534	1821,8	380,937	1984,68	30,268	1624,1	38,328	2437,09999999999	89,396	1342,24	107,154	2153,98	0,001	1777,4	0,002
57	691,002	1870,99999999999	185,756	1615,44	433,201	2011,87999999999	34,781	1567,32	47,384	2003,37999999999	91,544	1537,06	90,73	2004,82	0,001	1667,28	0,002
58	798,787	1851,15999999999	214,147	1548,28	499,064	1971,53999999999	30,008	1446,68	35,194	2212,21999999999	79,075	1589,34	121,373	2037,72	0,001	1705,04	0,002
59	380,722	2098,47999999999	185,13	1650,42	506,199	2031,93999999999	32,905	1196,86	39,602	2273,27999999999	87,952	1144,62	106,338	2004,82	0,001	1617,08	0,002
60	718,408	1839,26	281,736	1524,3	406,867	1986,87999999999	31,541	1624,14	46,712	2401,07999999999	78,26	1525,58	101,792	2375,16	0,002	1844,56	0,004
61	424,412	2437,41999999999	178,413	1570,64	434,365	1910,29999999999	30,837	1870,15999999999	21,072	2228,71999999999	73,085	1643,68	120,96	2049,34	0,001	1800,24	0,002
62	383,648	2170,89999999999	239,32	1460,8	437,674	1886,93999999999	23,037	1432,62	40,833	1857,74	85,006	934,480000000001	84,065	2253,22	0,001	1821,38	0,002
63	553,4	1853,12	252,368	1404,32	419,068	2151,09999999999	29,76	1465,8	37,029	2182,31999999999	134,482	1666,76	129,953	2081,9	0,001	1799,22	0,002
64	532,481	2341,23999999999	195,245	1760,08	404,671	2270,27999999999	33,527	1590,84	28,988	1906,95999999999	77,153	1777,56	139,177	2071,16	0,001	1717,14	0,002
65	757,432	2313,49999999999	271,661	1772,36	417,713	1749,14	19,705	1871,02	33,244	2550,07999999998	76,452	1446,32	112,316	2009,88	0,001	1754,9	0,002
66	566,067	2117,57999999999	320,301	1828,7	410,614	2116,35999999999	29,624	1732,42	32,145	2296,99999999999	79,897	1640,02	153,292	2176	0,002	1667,28	0,004
67	438,922	2391,81999999999	301,298	1551,52	508,32	1744,55999999999	37,43	1164,84	43,896	2261,09999999999	125,338	1179,56	140,982	2115	0,001	1705,04	0,005
68	675,947	2331,75999999999	341,784	1719,72	518,209	1876,09999999999	56,749	1488,82	28,033	2190,07999999999	74,264	1261,28	84,69	1938	0,001	1688,42	0,002
69	630,727	2243,15999999999	339,793	1594,56	642,964	2019,33999999999	33,446	1615,92	45,231	2056,11999999999	74,184	1372,36	89,697	2131,48	0,001	1838,34	0,002
70	556,689	1879,43999999999	273,44	1490,12	580,087	2058,85999999999	32,971	1511,7	30,375	2365,71999999999	54,927	1637,32	121,485	2115,68	0,001	1822,4	0,003
71	422,779	2215,79999999999	284,3	1845,12	490,715	2112,58	31,303	1348,8	35,553	2231,71999999999	102,93	1423,58	97,554	2165,4	0,001	1849,76	0,003
72	381,972	1909,21999999999	320,916	1533,4	571,339	1906,71999999999	30,421	1555,22	25,172	2245,46	76,345	1550,02	110,697	2164,72	0,001	1811,66	0,002
73	378,986	2200,63999999999	159,082	1849,3	443,696	2098,61999999999	31,731	1587,78	32,531	1950,87999999999	73,738	1459,7	87,925	2005,36	0,001	1673,16	0,002
74	348,974	2202,51999999999	245,962	1597,46	435,171	1703,18	42,624	1554,02	30,562	1992,91999999999	101,653	1562,86	132,986	1983,34	0,002	1596,28	0,003
75	349,756	1924,94	243,409	1818,96	456,933	2017,77999999999	42,939	1704,52	29,558	2192,95999999999	79,269	1682,69999999999	63,464	2330,98	0,001	1844,22	0,003
76	359,454	2397,71999999999	221,019	1789,86	567,421	2151,09999999999	36,053	1721,54	34,518	2651,53999999998	66,633	1633,38	90,072	1993,74	0,001	1691,14	0,002
77	435,453	2474,95999999999	240,842	1714,92	409,274	2154,59999999999	29,464	1479,32	49,529	2103,73999999999	111,613	1490,26	128,89	2242,14	0,002	1827,94	0,003
78	425,642	2048,71999999999	248,47	1642,56	406,668	1971,1	34,304	1537,68	34,252	2306,53999999999	83,652	1613,4	80,664	2225,86	0,001	1833,14	0,002
79	440,374	2260,49999999999	199,987	1780,04	686,628	2305,25999999999	30,439	1382,32	38,819	2235,63999999999	70,127	1665,6	89,82	2099,06	0,001	1789,5	0,002
80	1847,527	1946,21999999999	271,214	1902,32	325,221	2352,39999999999	28,24	1853,42	29,57	2216,91999999999	66,407	1600,96	135,797	2258,62	0,002	1833,48	0,003
81	376,771	2299,57999999999	291,18	1435,64	400,743	2476,07999999999	18,964	1531,26	38,218	2280,71999999999	93,016	1561,1	128,298	2132,16	0,002	1795,72	0,003
82	348,245	2159,61999999999	198,911	1227,78	501,983	1992,09999999999	23,621	1550,42	31,148	2013,97999999999	99,531	1580,5	117,425	2148,24	0,001	1677	0,002
83	371,767	2339,91999999999	222,583	1746,94	439,976	2116,83999999999	29,901	1260,7	34,152	2471,77999999999	86,773	1508,68	112,925	2197,82	0,002	1833,14	0,002
84	685,547	2304,57999999999	252,934	1275,6	550,552	2276,23999999999	35,597	1635,16	31,83	2433,31999999999	51,235	1130,6	158,517	2076,56	0,001	1844,56	0,002
85	462,698	2478,31999999999	239,007	2079,67999999999	508,658	2271,61999999999	38,409	1761,9	41,265	2509,91999999999	70,652	1957,65999999999	90,485	2352,66	0,001	1911,04	0,002
86	443,045	2342,63999999999	195,538	1631,66	581,816	2033,77999999999	27,809	1372,02	32,618	2223,91999999999	70,94	1570,44	104,932	1922	0,002	1733,42	0,003
87	634,765	2204,13999999999	199,798	1678,94	638,898	2070,43999999999	23,045	1934,78	37,28	1866,38	123,018	1653,88	133,019	2098,38	0,002	1871,58	0,002
88	623,912	2379,59999999999	229,993	1714,74	506,044	2157,27999999999	30,906	1773,34	37,674	1823,65999999999	137,942	1614,26	111,755	2043,12	0,001	1682,88	0,002
89	678,628	2170,79999999999	243,233	1224,66	493,939	1959,59999999999	27,563	1570,56	36,074	1989,81999999999	153,169	1474,24	91,846	2175,8	0,002	1727,2	0,003
90	664,865	2347,25999999999	283,843	1887,42	533,423	2222,87999999999	47,652	1588,22	47,076	2313,45999999999	87,333	1580,72	113,311	2170,6	0,003	1832,8	0,004
91	452,005	2008,91999999999	282,004	1535,98	424,556	2043,37999999999	40,331	1385,6	41,603	2292,19999999999	155,685	1374,2	104,658	2242	0,002	1772,2	0,002
92	546,288	2217,03999999999	257,728	1859,88	530,722	2332,09999999999	33,438	1678,56	44,092	2399,39999999999	90,851	1843,16	144,021	1988,34	0,002	1684,58	0,002
93	668,808	2271,53999999999	318,375	1834,32	549,571	2098,07999999999	47,179	1968,49999999999	31,724	2494,95999999999	95,279	1679,4	96,7	2236,8	0,001	1744,16	0,003
94	437,581	2290,09999999999	311,352	1592,68	581,907	1991,89999999999	51,301	1626,86	68,549	1952,45999999999	104,319	1322,54	96,654	2303,14	0,003	1871,92	0,003
95	769,23	2307,13999999999	219,401	1650,72	522,111	2008,81999999999	21,857	1663,01999999999	30,141	2121,81999999999	86,503	1464,1	84,03	2264,44	0,001	1826,58	0,002
96	642,577	2417,09999999999	181,208	1761,46	367,343	2057,79999999999	30,583	1963,94	27,15	2549,09999999998	76,853	1501,92	83,373	1988	0,002	1771,52	0,003
97	819,117	2374,37999999999	191,99	1732,46	513,787	2130,45999999999	29,524	1667,5	33,423	1781,79999999999	87,338	1669,88	77,919	2198,3	0,001	1905,5	0,002
98	711,617	2383,11999999999	225,101	1324,2	395,736	1520,44	33,239	1651,16	48,519	2064,79999999999	89,981	1587,54	88,454	2120,4	0,001	1732,74	0,002
99	691,706	2266,53999999999	228,485	1517	380,501	1679,5	51,663	1453,3	28,132	2220,65999999999	108,327	1673,62	113,085	1844,78	0,001	1629,52	0,002
100	742,735	1898,87999999999	293,259	1596,64	456,394	1935,32	33,899	1300,96	26,764	2107,91999999999	81,494	1404,12	137,518	2148,44	0,001	1833,48	0,003

2017-09-11 20:23:51:0275	../../../files/testListWithPickListSize100_part02.txt
InstanceNumber	DistanceMatrixRunningTime	GACycleSwapTotalDistance	GACycleSwapRunningTime	GACycleInversionTotalDistance	GACycleInversionRunningTime	GAOrderedSwapTotalDistance	GAOrderedSwapRunningTime	GAOrderedInversionTotalDistance	GAOrderedInversionRunningTime	GAPMXSwapTotalDistance	GAPMXSwapRunningTime	GAPMXInversionTotalDistance	GAPMXInversionRunningTime	SShapeTravelledTotalDistance	SShapeRunningTime	LargestGapTravelledTotalDistance	LargestGapRunningTime
1	451,327	2549,99999999998	205,663	1719,2	463,427	2413,73999999999	24,757	1575,42	29,317	2269,57999999999	107,515	1513,58	127,012	2087,3	0,001	1915,9	0,002
2	364,798	2422,29999999999	277,867	1434,94	450,972	1769,54	45,968	1572,96	32,899	2115,87999999999	71,718	1877,84	61,55	2175,8	0,001	1793,34	0,002
3	342,92	1995,51999999999	197,077	1409,58	387,737	1566,38	28,583	1576,44	19,846	2446,53999999998	65,255	1411,34	112,211	2297,4	0,001	1822,06	0,002
4	428,221	1867,15999999999	374,617	1521,72	437,512	1941,25999999999	30,15	1297,46	43,023	2134,49999999999	79,68	1567,18	91,331	2082,24	0,002	1771,86	0,002
5	1825,884	2416,41999999999	373,904	1570,14	424,403	2367,55999999999	46,936	1865,66	40,167	2414,35999999999	75,006	1743,4	98,566	2203,5	0,001	1921,44	0,002
6	1813,861	2540,27999999998	352,088	1616,75999999999	543,088	2190,07999999999	42,96	1522,56	34,688	2134,53999999999	107,001	1683,66	90,891	2120,4	0,001	1738,28	0,002
7	428,796	2048,27999999999	234,188	1647,12	400,979	1922,25999999999	42,174	1558	51,4	2104,51999999999	142,051	1466,2	140,001	2026,84	0,002	1706,06	0,004
8	430,303	2090,49999999999	209,381	1716,38	520,625	2080,33999999999	49,435	1648,34	44,627	2277,99999999999	86,245	1697,72	82,449	2148,1	0,001	1876,78	0,003
9	424,792	2086,83999999999	291,909	1608,74	449,339	2250,53999999999	51,268	1942,48	31,674	2655,65999999999	94,583	1621,36	93,582	2258,62	0,001	1865,7	0,002
10	425,202	2172,11999999999	244,438	1670,62	466,476	1852,19999999999	23,946	1726,33999999999	30,602	2175,69999999999	83,516	1519,22	97,853	2291,86	0,001	1877,12	0,003
11	1827,642	2425,37999999999	222,342	1606,9	431,35	2090,81999999999	44,512	1673,18	29,398	1970,85999999999	82,152	1729,4	135,206	2153,98	0,003	1767,68	0,003
12	401,445	2077,15999999999	266,492	1859,55999999999	320,849	1642,52	28,275	1471,06	38,312	2321,55999999999	76,972	1667,72	125,97	2109,6	0,001	1645,12	0,003
13	432,272	2346,43999999999	223,869	1511,2	557,028	1785,29999999999	33,868	1522,96	28,002	2232,21999999999	85,236	1636,62	134,472	2142,9	0,001	1854,96	0,003
14	344,151	1825,89999999999	229,889	1470,18	608,814	1983,21999999999	21,414	1516,46	35,825	2275,37999999999	57,675	1394,46	92,059	2164,72	0,001	1782,94	0,003
15	342,75	2527,73999999999	173,846	1773,54	375,402	2390,77999999999	27,179	1933,9	29,847	1918,61999999999	67,34	1605,82	93,041	2176	0,001	1827,94	0,002
16	428,85	2157,47999999999	330,168	1826,02	473,034	1944,74	40,513	1456,42	37,455	2162,65999999999	140,354	1641,18	97,455	1993,6	0,001	1839,02	0,002
17	422,567	2234,35999999999	247,153	1547,6	701,489	2273,75999999999	21,225	1499,24	31,565	2209,57999999999	82,431	1608,54	119,341	2110	0,001	1717,82	0,002
18	349,715	2611,79999999999	164,081	1588,9	422,145	1800,13999999999	40,209	1438,36	37,596	2086,35999999999	79,028	1155,3	90,71	2275,38	0,001	1638,56	0,002
19	424,374	2124,37999999999	202,578	1379,98	656,204	1911,17999999999	34,128	1450,74	40,068	2270,85999999999	82,725	1471,94	104,339	2155	0,001	1629,52	0,002
20	426,084	2408,67999999999	234,613	1416,34	396,539	2140,93999999999	21,933	1558,16	32,759	2219,33999999999	75,607	1968,36	118,747	2187,22	0,001	1851,12	0,002
21	413,12	2273,61999999999	251,086	1554,64	506,41	1822,55999999999	28,25	1797,44	32,951	2158,53999999999	82,047	1572,34	128,536	2153,98	0,001	1822,4	0,002
22	429,627	2223,91999999999	243,058	1906,2	562,685	1814,37999999999	18,601	1540,2	37,234	2410,27999999999	103,068	1781,16	109,088	2038,6	0,001	1794,7	0,002
23	603,166	2372,93999999999	299,283	1783,86	442,032	2055,58	30,783	1162,18	36,247	2330,19999999999	73,628	1795,08	88,613	1983,2	0,001	1761,8	0,002
24	391,637	2233,65999999999	198,888	1331,78	453,109	1983,44	27,865	1531,8	34,638	2193,33999999999	162,889	1689,46	127,302	2159,52	0,002	1795,04	0,003
25	553,376	2578,65999999998	228,745	1456,16	550,107	1879,2	26,169	1602,28	33,152	2249,89999999999	104,349	1802,84	135,613	2225,86	0,001	1800,92	0,003
26	422,558	2427,77999999999	352,135	1832,48	557,163	2112,75999999999	39,363	1796,08	28,084	2010,17999999999	99,99	1899,54	155,393	2115,34	0,001	1828,62	0,002
27	729,397	2206,99999999999	242,442	1825,38	428,017	1836,27999999999	40,006	1411,1	47,554	2630,25999999999	82,569	1630,52	129,15	2258,9	0,001	1821,72	0,003
28	748,585	1713,43999999999	279,376	1289,44	465,437	1691,75999999999	29,083	1405,3	26,27	2256,43999999999	88,923	1424,36	82,512	2186,88	0,001	1722,68	0,002
29	550,746	2599,87999999998	172,738	1635,52	493,339	2325,23999999999	28,539	1660,64	37,182	2533,57999999999	107,08	1689,62	110,499	2225,52	0,001	1932,18	0,002
30	467,949	2270,27999999999	221,081	1708,8	365,173	2340,33999999999	35,459	1663,06	41,303	2104,41999999999	81,989	1596,78	119,941	2098,38	0,001	1783,28	0,002
31	730,635	2398,33999999999	233,047	1438,52	492,769	2062,99999999999	31,919	1548,62	34,747	1922,15999999999	90,899	1217,86	95,553	2110	0,002	1700,52	0,002
32	577,737	2093,85999999999	190,381	1937,4	418,307	2088,99999999999	26,276	1428,72	46,893	2021,43999999999	91,073	1693,2	84,074	2258,76	0,001	1871,24	0,002
33	612,748	1918,93999999999	331,571	1955,24	498,13	2213,61999999999	31,018	1935,26	34,215	2112,98	77,224	1549,78	108,917	2081,9	0,001	1828,28	0,002
34	493,422	1960,75999999999	330,739	1846,71999999999	338,086	2222,35999999999	27,716	1505,32	40,045	2217,25999999999	82,882	1491,94	97,348	1977,46	0,001	1589,38	0,002
35	354,113	2388,01999999999	249,765	1869,49999999999	649,106	2298,87999999999	30,822	1982,96	29,891	2012,27999999999	114,014	1748,2	127,645	2092,98	0,001	1816,18	0,002
36	623,193	2111,63999999999	308,6	1474,38	538,032	2168,59999999999	42,382	1474,5	33,653	2251,21999999999	106,31	1763,42	107,266	2121,22	0,001	1795,38	0,002
37	648,951	2196,43999999999	312,479	1721,28	430,388	1961,72	29,152	1927,88	25,643	2393,51999999999	88,977	1592,34	126,592	2214,58	0,001	1828,62	0,002
38	669,665	2196,61999999999	278,492	1621,56	544,511	1847,73999999999	33,821	1464,24	49,686	2003,69999999999	86,528	1432,82	105,324	2087,78	0,001	1772,2	0,002
39	495,038	2550,49999999999	317,676	1597,9	457,623	1860,2	34,689	1637,12	41,701	2353,77999999999	116,34	1645,08	99,343	2115,34	0,001	1816,52	0,003
40	514,914	2228,39999999999	284,682	1745,82	657,246	2206,69999999999	33,206	1767,83999999999	31,546	2376,27999999999	115,106	1806,08	128,09	2176	0,001	1789,5	0,002
41	702,123	1792,59999999999	364,466	1711,7	563,59	2210,53999999999	26,862	1703,06	36,538	1955,73999999999	103,268	1530,72	118,775	2319,56	0,001	1987,92	0,002
42	721,43	2404,57999999999	266,888	1426,5	668,604	1991,69999999999	27,602	1657,44	37,282	2355,27999999999	107,721	1779,8	113,877	2303,08	0,002	1970,62	0,003
43	537,732	2570,55999999998	277,572	1482,52	540,115	2331,79999999999	33,928	1598,62	37,234	2249,95999999999	137,774	1670,98	100,334	1999,42	0,001	1666,94	0,003
44	615,015	2386,07999999999	276,746	1653,78	506,426	1785,25999999999	56,28	1818,86	37,782	2196,69999999999	118,153	1634,2	126,355	1971,92	0,001	1701,2	0,003
45	631,111	2274,01999999999	257,447	1680,76	516,146	1878,07999999999	29,51	1653,68	33,913	2253,75999999999	114,969	1686,44	90,757	2142,9	0,001	1811,32	0,002
46	804,775	2344,71999999999	283,224	1659,68	395,484	2063,27999999999	34,175	1642,64	31,182	2403,55999999999	89,756	917,380000000001	116,405	2170,4	0,001	1765,98	0,002
47	836,169	2460,59999999999	178,448	1574,78	489,929	1896,94	37,582	1775,08	49,636	2406,25999999999	89,666	1608,14	103,719	2247,68	0,001	1883	0,002
48	713,246	2186,91999999999	336,22	1701,04	510,564	1974,91999999999	31,867	1814,88	45,327	2558,95999999999	101,937	1725,56	89,177	2192,76	0,001	1827,6	0,002
49	615,557	2074,79999999999	203,137	1554,36	413,554	2306,55999999999	31,851	1415,48	35,899	2245,53999999999	88,444	1863,92	103,028	2165,4	0,001	1823,42	0,002
50	469,564	2235,31999999999	231,052	1459,64	420,779	1988,58	35,086	1363,46	46,202	2281,83999999999	48,978	1260,82	118,345	2037,92	0,001	1794,36	0,004
51	665,503	2401,59999999999	236,703	1719,23999999999	364,149	2003,49999999999	43,371	1806,82	37,344	2319,75999999999	80,581	1744	106,919	2153,78	0,001	1838	0,002
52	692,825	2325,23999999999	236,187	1377,06	469,18	1873,74	49,021	1575,74	40,044	2370,25999999999	73,681	1704,88	149,46	2142,56	0,001	1915,56	0,002
53	514,81	2297,87999999999	238,63	1263,32	529,879	2156,09999999999	42,722	1519,26	35,821	2438,05999999999	106,226	1780,28	98,599	2110	0,002	1872,26	0,003
54	611,073	2313,65999999999	276,531	1781,06	475,546	1853,68	22,326	1564,36	72,844	2434,77999999999	104,094	1612,52	100,864	2015,9	0,001	1810,98	0,002
55	837,089	2428,15999999999	335,281	1649,06	631,471	1941,75999999999	55,679	1668,84	34,748	2325,25999999999	88,804	1901,54	104,331	2203,84	0,001	1716,8	0,002
56	745,657	2035,83999999999	218,695	1320	448,776	2197,85999999999	20,295	1411,08	30,098	2165,45999999999	95,749	1851,67999999999	98,477	2270,18	0,001	1771,86	0,002
57	453,733	2476,97999999999	178,541	1783,2	456,198	2080,71999999999	29,203	1432	50,145	2586,83999999998	130,674	1401,7	88,135	2214,58	0,002	1817,2	0,003
58	407,888	2369,21999999998	242,741	1504,22	510,245	1556,68	36,524	1729,94	45,196	2195,51999999999	98,738	1769,46	121,454	2059,6	0,001	1805,1	0,002
59	837,414	2067,14	201,828	1564,7	368,832	2040,19999999999	36,847	1487,48	32,793	1569	110,815	1796,42	100,961	2071,02	0,001	1694,64	0,002
60	833,385	2403,91999999999	297,423	1726,36	520,224	2225,51999999999	31,987	1747,24	30,306	2309,15999999999	65,268	1693,32	88,648	2103,92	0,002	1727,88	0,002
61	400,581	2330,83999999999	221,057	1752,44	400,506	2246,73999999999	18,796	1531,82	40,345	2188,75999999999	108,809	1539,74	60,549	2048,66	0,001	1860,84	0,002
