2017-08-31 03:06:54:8975	../../../files/testListWithPickListSize025.txt
NumberOfStagnantGeneration	PopulationSize	CrossoverProbability	MutationProbability	CrossoverOperator	MutationOperator	TravelledDistance	RunningTime
5	10	0,6	0,01	Ordered	Inversion	1369,02	0,08
5	10	0,6	0,02	Ordered	Inversion	1255,16	0,001
5	10	0,6	0,03	Ordered	Inversion	1427,2	0,006
5	10	0,6	0,04	Ordered	Inversion	1292,58	0,001
5	10	0,6	0,05	Ordered	Inversion	1104,7	0,002
5	10	0,7	0,01	Ordered	Inversion	1296,76	0,002
5	10	0,7	0,02	Ordered	Inversion	1600,46	0,001
5	10	0,7	0,03	Ordered	Inversion	1381,86	0,003
5	10	0,7	0,04	Ordered	Inversion	1294,76	0,004
5	10	0,7	0,05	Ordered	Inversion	1510,3	0,001
5	10	0,8	0,01	Ordered	Inversion	1332,04	0,002
5	10	0,8	0,02	Ordered	Inversion	1295,16	0,002
5	10	0,8	0,03	Ordered	Inversion	1410	0,004
5	10	0,8	0,04	Ordered	Inversion	1268,62	0,001
5	10	0,8	0,05	Ordered	Inversion	1390,08	0,002
5	10	0,9	0,01	Ordered	Inversion	1310,22	0,003
5	10	0,9	0,02	Ordered	Inversion	1484,16	0,003
5	10	0,9	0,03	Ordered	Inversion	1395,9	0,004
5	10	0,9	0,04	Ordered	Inversion	1361,4	0,003
5	10	0,9	0,05	Ordered	Inversion	1304,78	0,002
5	20	0,6	0,01	Ordered	Inversion	1323,58	0,003
5	20	0,6	0,02	Ordered	Inversion	1376,66	0,001
5	20	0,6	0,03	Ordered	Inversion	1123,12	0,004
5	20	0,6	0,04	Ordered	Inversion	1376,18	0,002
5	20	0,6	0,05	Ordered	Inversion	1274,4	0,004
5	20	0,7	0,01	Ordered	Inversion	1152,62	0,004
5	20	0,7	0,02	Ordered	Inversion	1400,89999999999	0,001
5	20	0,7	0,03	Ordered	Inversion	1009,54	0,01
5	20	0,7	0,04	Ordered	Inversion	1369,62	0,003
5	20	0,7	0,05	Ordered	Inversion	1133,22	0,013
5	20	0,8	0,01	Ordered	Inversion	1062,8	0,014
5	20	0,8	0,02	Ordered	Inversion	1077,1	0,011
5	20	0,8	0,03	Ordered	Inversion	1163,22	0,006
5	20	0,8	0,04	Ordered	Inversion	1106,48	0,009
5	20	0,8	0,05	Ordered	Inversion	1224,64	0,002
5	20	0,9	0,01	Ordered	Inversion	1270,42	0,015
5	20	0,9	0,02	Ordered	Inversion	1147,12	0,012
5	20	0,9	0,03	Ordered	Inversion	1300,26	0,007
5	20	0,9	0,04	Ordered	Inversion	1164,58	0,012
5	20	0,9	0,05	Ordered	Inversion	1178,18	0,01
5	30	0,6	0,01	Ordered	Inversion	1170,22	0,004
5	30	0,6	0,02	Ordered	Inversion	967,500000000002	0,011
5	30	0,6	0,03	Ordered	Inversion	1220,9	0,01
5	30	0,6	0,04	Ordered	Inversion	1160,44	0,012
5	30	0,6	0,05	Ordered	Inversion	1014,94	0,011
5	30	0,7	0,01	Ordered	Inversion	1128,66	0,008
5	30	0,7	0,02	Ordered	Inversion	1340,02	0,003
5	30	0,7	0,03	Ordered	Inversion	1133,76	0,007
5	30	0,7	0,04	Ordered	Inversion	1058,72	0,01
5	30	0,7	0,05	Ordered	Inversion	1223,22	0,008
5	30	0,8	0,01	Ordered	Inversion	1328,74	0,005
5	30	0,8	0,02	Ordered	Inversion	1041,08	0,018
5	30	0,8	0,03	Ordered	Inversion	1042,92	0,008
5	30	0,8	0,04	Ordered	Inversion	1034,28	0,019
5	30	0,8	0,05	Ordered	Inversion	1040,3	0,013
5	30	0,9	0,01	Ordered	Inversion	1173,12	0,004
5	30	0,9	0,02	Ordered	Inversion	1188	0,012
5	30	0,9	0,03	Ordered	Inversion	1025,58	0,004
5	30	0,9	0,04	Ordered	Inversion	1197,06	0,002
5	30	0,9	0,05	Ordered	Inversion	1113,3	0,017
5	40	0,6	0,01	Ordered	Inversion	1261,58	0,005
5	40	0,6	0,02	Ordered	Inversion	1291,9	0,004
5	40	0,6	0,03	Ordered	Inversion	1160,48	0,005
5	40	0,6	0,04	Ordered	Inversion	983,880000000003	0,007
5	40	0,6	0,05	Ordered	Inversion	925,360000000002	0,015
5	40	0,7	0,01	Ordered	Inversion	1293,3	0,002
5	40	0,7	0,02	Ordered	Inversion	1173,7	0,008
5	40	0,7	0,03	Ordered	Inversion	1054,44	0,022
5	40	0,7	0,04	Ordered	Inversion	982,480000000002	0,017
5	40	0,7	0,05	Ordered	Inversion	1206,26	0,005
5	40	0,8	0,01	Ordered	Inversion	1116,94	0,015
5	40	0,8	0,02	Ordered	Inversion	1029,3	0,009
5	40	0,8	0,03	Ordered	Inversion	1073,12	0,008
5	40	0,8	0,04	Ordered	Inversion	1192,34	0,003
5	40	0,8	0,05	Ordered	Inversion	824,680000000001	0,022
5	40	0,9	0,01	Ordered	Inversion	1052,84	0,024
5	40	0,9	0,02	Ordered	Inversion	1206,76	0,005
5	40	0,9	0,03	Ordered	Inversion	1034,76	0,035
5	40	0,9	0,04	Ordered	Inversion	1102,7	0,021
5	40	0,9	0,05	Ordered	Inversion	1196,12	0,003
5	50	0,6	0,01	Ordered	Inversion	1029,56	0,012
5	50	0,6	0,02	Ordered	Inversion	981,940000000002	0,031
5	50	0,6	0,03	Ordered	Inversion	943,400000000002	0,018
5	50	0,6	0,04	Ordered	Inversion	1089,44	0,005
5	50	0,6	0,05	Ordered	Inversion	1028,34	0,027
5	50	0,7	0,01	Ordered	Inversion	1199,28	0,004
5	50	0,7	0,02	Ordered	Inversion	1078,46	0,021
5	50	0,7	0,03	Ordered	Inversion	1078,02	0,014
5	50	0,7	0,04	Ordered	Inversion	1175,46	0,01
5	50	0,7	0,05	Ordered	Inversion	921,240000000001	0,043
5	50	0,8	0,01	Ordered	Inversion	1021,84	0,011
5	50	0,8	0,02	Ordered	Inversion	797,360000000002	0,028
5	50	0,8	0,03	Ordered	Inversion	1058,48	0,015
5	50	0,8	0,04	Ordered	Inversion	1177,02	0,015
5	50	0,8	0,05	Ordered	Inversion	1243,16	0,017
5	50	0,9	0,01	Ordered	Inversion	1033,6	0,039
5	50	0,9	0,02	Ordered	Inversion	986,500000000002	0,019
5	50	0,9	0,03	Ordered	Inversion	978,920000000002	0,02
5	50	0,9	0,04	Ordered	Inversion	996,280000000002	0,036
5	50	0,9	0,05	Ordered	Inversion	1239,16	0,004
10	10	0,6	0,01	Ordered	Inversion	1281,36	0,003
10	10	0,6	0,02	Ordered	Inversion	1285	0,002
10	10	0,6	0,03	Ordered	Inversion	1231,98	0,003
10	10	0,6	0,04	Ordered	Inversion	1413,2	0,01
10	10	0,6	0,05	Ordered	Inversion	1111,64	0,006
10	10	0,7	0,01	Ordered	Inversion	1423,22	0,003
10	10	0,7	0,02	Ordered	Inversion	1267,84	0,006
10	10	0,7	0,03	Ordered	Inversion	1371,94	0,005
10	10	0,7	0,04	Ordered	Inversion	1351,44	0,006
10	10	0,7	0,05	Ordered	Inversion	1144,44	0,003
10	10	0,8	0,01	Ordered	Inversion	1314,22	0,006
10	10	0,8	0,02	Ordered	Inversion	1236,16	0,003
10	10	0,8	0,03	Ordered	Inversion	1309,6	0,003
10	10	0,8	0,04	Ordered	Inversion	1264,06	0,006
10	10	0,8	0,05	Ordered	Inversion	1153,84	0,009
10	10	0,9	0,01	Ordered	Inversion	1019,32	0,009
10	10	0,9	0,02	Ordered	Inversion	1489,93999999999	0,01
10	10	0,9	0,03	Ordered	Inversion	1283,36	0,005
10	10	0,9	0,04	Ordered	Inversion	1305,22	0,021
10	10	0,9	0,05	Ordered	Inversion	1148,68	0,016
10	20	0,6	0,01	Ordered	Inversion	1088,48	0,008
10	20	0,6	0,02	Ordered	Inversion	1162,82	0,007
10	20	0,6	0,03	Ordered	Inversion	1157,24	0,01
10	20	0,6	0,04	Ordered	Inversion	1225,36	0,009
10	20	0,6	0,05	Ordered	Inversion	1129,74	0,005
10	20	0,7	0,01	Ordered	Inversion	1295,16	0,005
10	20	0,7	0,02	Ordered	Inversion	1256,38	0,011
10	20	0,7	0,03	Ordered	Inversion	1133,32	0,013
10	20	0,7	0,04	Ordered	Inversion	1127,88	0,023
10	20	0,7	0,05	Ordered	Inversion	1203,64	0,004
10	20	0,8	0,01	Ordered	Inversion	897,820000000002	0,006
10	20	0,8	0,02	Ordered	Inversion	1084,14	0,013
10	20	0,8	0,03	Ordered	Inversion	1266,44	0,01
10	20	0,8	0,04	Ordered	Inversion	1055,62	0,013
10	20	0,8	0,05	Ordered	Inversion	1120,06	0,006
10	20	0,9	0,01	Ordered	Inversion	978,980000000002	0,039
10	20	0,9	0,02	Ordered	Inversion	1189,94	0,008
10	20	0,9	0,03	Ordered	Inversion	1130,26	0,041
10	20	0,9	0,04	Ordered	Inversion	1105,86	0,02
10	20	0,9	0,05	Ordered	Inversion	1047,6	0,023
10	30	0,6	0,01	Ordered	Inversion	1027,96	0,011
10	30	0,6	0,02	Ordered	Inversion	1027	0,015
10	30	0,6	0,03	Ordered	Inversion	1033,54	0,008
10	30	0,6	0,04	Ordered	Inversion	978,000000000003	0,016
10	30	0,6	0,05	Ordered	Inversion	985,480000000003	0,028
10	30	0,7	0,01	Ordered	Inversion	1098,14	0,021
10	30	0,7	0,02	Ordered	Inversion	1166,36	0,017
10	30	0,7	0,03	Ordered	Inversion	844,060000000002	0,018
10	30	0,7	0,04	Ordered	Inversion	1015,86	0,023
10	30	0,7	0,05	Ordered	Inversion	994,960000000003	0,027
10	30	0,8	0,01	Ordered	Inversion	1073,6	0,021
10	30	0,8	0,02	Ordered	Inversion	1091,68	0,014
10	30	0,8	0,03	Ordered	Inversion	893,920000000002	0,037
10	30	0,8	0,04	Ordered	Inversion	918,460000000002	0,033
10	30	0,8	0,05	Ordered	Inversion	1011,06	0,02
10	30	0,9	0,01	Ordered	Inversion	939,120000000002	0,038
10	30	0,9	0,02	Ordered	Inversion	1019,36	0,081
10	30	0,9	0,03	Ordered	Inversion	1030,58	0,022
10	30	0,9	0,04	Ordered	Inversion	969,500000000002	0,041
10	30	0,9	0,05	Ordered	Inversion	1019,02	0,033
10	40	0,6	0,01	Ordered	Inversion	917,300000000002	0,021
10	40	0,6	0,02	Ordered	Inversion	1144,74	0,014
10	40	0,6	0,03	Ordered	Inversion	1068,06	0,02
10	40	0,6	0,04	Ordered	Inversion	934,260000000002	0,028
10	40	0,6	0,05	Ordered	Inversion	861,120000000001	0,036
10	40	0,7	0,01	Ordered	Inversion	1045,94	0,022
10	40	0,7	0,02	Ordered	Inversion	1027,86	0,028
10	40	0,7	0,03	Ordered	Inversion	1223,62	0,008
10	40	0,7	0,04	Ordered	Inversion	999,960000000003	0,035
10	40	0,7	0,05	Ordered	Inversion	918,120000000002	0,03
10	40	0,8	0,01	Ordered	Inversion	844,640000000001	0,023
10	40	0,8	0,02	Ordered	Inversion	909,520000000002	0,035
10	40	0,8	0,03	Ordered	Inversion	996,420000000002	0,029
10	40	0,8	0,04	Ordered	Inversion	972,220000000002	0,057
10	40	0,8	0,05	Ordered	Inversion	1115,78	0,011
10	40	0,9	0,01	Ordered	Inversion	966,440000000002	0,044
10	40	0,9	0,02	Ordered	Inversion	874,000000000002	0,05
10	40	0,9	0,03	Ordered	Inversion	813,160000000001	0,079
10	40	0,9	0,04	Ordered	Inversion	1035,98	0,02
10	40	0,9	0,05	Ordered	Inversion	911,420000000002	0,068
10	50	0,6	0,01	Ordered	Inversion	1058,92	0,03
10	50	0,6	0,02	Ordered	Inversion	975,860000000002	0,019
10	50	0,6	0,03	Ordered	Inversion	993,020000000002	0,019
10	50	0,6	0,04	Ordered	Inversion	920,260000000002	0,02
10	50	0,6	0,05	Ordered	Inversion	936,900000000002	0,052
10	50	0,7	0,01	Ordered	Inversion	980,620000000002	0,026
10	50	0,7	0,02	Ordered	Inversion	904,220000000002	0,063
10	50	0,7	0,03	Ordered	Inversion	898,260000000002	0,06
10	50	0,7	0,04	Ordered	Inversion	972,360000000002	0,032
10	50	0,7	0,05	Ordered	Inversion	830,400000000001	0,069
10	50	0,8	0,01	Ordered	Inversion	925,320000000003	0,027
10	50	0,8	0,02	Ordered	Inversion	975,220000000002	0,044
10	50	0,8	0,03	Ordered	Inversion	902,040000000002	0,055
10	50	0,8	0,04	Ordered	Inversion	942,960000000002	0,036
10	50	0,8	0,05	Ordered	Inversion	853,300000000001	0,063
10	50	0,9	0,01	Ordered	Inversion	848,920000000002	0,072
10	50	0,9	0,02	Ordered	Inversion	1098,04	0,023
10	50	0,9	0,03	Ordered	Inversion	950,740000000002	0,054
10	50	0,9	0,04	Ordered	Inversion	867,820000000001	0,069
10	50	0,9	0,05	Ordered	Inversion	739,180000000001	0,145
15	10	0,6	0,01	Ordered	Inversion	1416,42	0,002
15	10	0,6	0,02	Ordered	Inversion	1452,96	0,013
15	10	0,6	0,03	Ordered	Inversion	1261,14	0,004
15	10	0,6	0,04	Ordered	Inversion	1168,56	0,003
15	10	0,6	0,05	Ordered	Inversion	1402,32	0,003
15	10	0,7	0,01	Ordered	Inversion	1248,4	0,003
15	10	0,7	0,02	Ordered	Inversion	1451,4	0,009
15	10	0,7	0,03	Ordered	Inversion	1212,64	0,018
15	10	0,7	0,04	Ordered	Inversion	1229,2	0,004
15	10	0,7	0,05	Ordered	Inversion	1215,8	0,008
15	10	0,8	0,01	Ordered	Inversion	1246,22	0,003
15	10	0,8	0,02	Ordered	Inversion	1303,86	0,016
2017-08-31 15:07:28:9449	../../../files/testListWithPickListSize025.txt
instanceNumber	DistanceMatrixRunningTime	NumberOfStagnantGeneration	PopulationSize	CrossoverProbability	MutationProbability	CrossoverOperator	MutationOperator	TravelledDistance	RunningTime
2017-08-31 15:16:25:4618	../../../files/testListWithPickListSize025.txt
instanceNumber	DistanceMatrixRunningTime	NumberOfStagnantGeneration	PopulationSize	CrossoverProbability	MutationProbability	CrossoverOperator	MutationOperator	TravelledDistance	RunningTime
1	193,837	5	10	0,6	0,01	Ordered	Inversion	1533,34	0,096
1	193,837	5	10	0,6	0,02	Ordered	Inversion	1507,81999999999	0,01
1	193,837	5	10	0,6	0,03	Ordered	Inversion	1272,76	0,003
1	193,837	5	10	0,6	0,04	Ordered	Inversion	1279,94	0,001
1	193,837	5	10	0,6	0,05	Ordered	Inversion	1443,82	0,003
1	193,837	5	10	0,7	0,01	Ordered	Inversion	1432,74	0,003
1	193,837	5	10	0,7	0,02	Ordered	Inversion	1255,94	0,004
1	193,837	5	10	0,7	0,03	Ordered	Inversion	1205,64	0,002
1	193,837	5	10	0,7	0,04	Ordered	Inversion	1252,78	0,001
1	193,837	5	10	0,7	0,05	Ordered	Inversion	1336,22	0,003
1	193,837	5	10	0,8	0,01	Ordered	Inversion	1131,92	0,005
1	193,837	5	10	0,8	0,02	Ordered	Inversion	1347,36	0,002
1	193,837	5	10	0,8	0,03	Ordered	Inversion	1335,54	0,006
1	193,837	5	10	0,8	0,04	Ordered	Inversion	1259,88	0,008
1	193,837	5	10	0,8	0,05	Ordered	Inversion	1424,46	0,004
1	193,837	5	10	0,9	0,01	Ordered	Inversion	1570,42	0,006
1	193,837	5	10	0,9	0,02	Ordered	Inversion	1292,96	0,007
1	193,837	5	10	0,9	0,03	Ordered	Inversion	1412,04	0,002
1	193,837	5	10	0,9	0,04	Ordered	Inversion	1296,38	0,009
1	193,837	5	10	0,9	0,05	Ordered	Inversion	1376,42	0,002
1	193,837	5	20	0,6	0,01	Ordered	Inversion	1205,88	0,004
1	193,837	5	20	0,6	0,02	Ordered	Inversion	1200,82	0,004
1	193,837	5	20	0,6	0,03	Ordered	Inversion	1307,12	0,003
1	193,837	5	20	0,6	0,04	Ordered	Inversion	1165,26	0,005
1	193,837	5	20	0,6	0,05	Ordered	Inversion	1189,36	0,004
1	193,837	5	20	0,7	0,01	Ordered	Inversion	1258,66	0,007
1	193,837	5	20	0,7	0,02	Ordered	Inversion	1260,84	0,003
1	193,837	5	20	0,7	0,03	Ordered	Inversion	1139	0,003
1	193,837	5	20	0,7	0,04	Ordered	Inversion	1081,22	0,003
1	193,837	5	20	0,7	0,05	Ordered	Inversion	1236,06	0,007
1	193,837	5	20	0,8	0,01	Ordered	Inversion	1081,56	0,009
1	193,837	5	20	0,8	0,02	Ordered	Inversion	1247,1	0,007
1	193,837	5	20	0,8	0,03	Ordered	Inversion	1145,48	0,007
1	193,837	5	20	0,8	0,04	Ordered	Inversion	1312,62	0,002
1	193,837	5	20	0,8	0,05	Ordered	Inversion	1147,76	0,014
1	193,837	5	20	0,9	0,01	Ordered	Inversion	1253,26	0,011
1	193,837	5	20	0,9	0,02	Ordered	Inversion	1231,06	0,003
1	193,837	5	20	0,9	0,03	Ordered	Inversion	915,700000000002	0,019
1	193,837	5	20	0,9	0,04	Ordered	Inversion	1162,24	0,011
1	193,837	5	20	0,9	0,05	Ordered	Inversion	1148,88	0,014
1	193,837	5	30	0,6	0,01	Ordered	Inversion	1128,08	0,005
1	193,837	5	30	0,6	0,02	Ordered	Inversion	1008,82	0,007
1	193,837	5	30	0,6	0,03	Ordered	Inversion	1231,5	0,005
1	193,837	5	30	0,6	0,04	Ordered	Inversion	1099,8	0,004
1	193,837	5	30	0,6	0,05	Ordered	Inversion	1324,9	0,004
1	193,837	5	30	0,7	0,01	Ordered	Inversion	1281,94	0,003
1	193,837	5	30	0,7	0,02	Ordered	Inversion	1118,4	0,008
1	193,837	5	30	0,7	0,03	Ordered	Inversion	1167,48	0,008
1	193,837	5	30	0,7	0,04	Ordered	Inversion	1127,98	0,003
1	193,837	5	30	0,7	0,05	Ordered	Inversion	893,680000000002	0,016
1	193,837	5	30	0,8	0,01	Ordered	Inversion	1023,58	0,013
1	193,837	5	30	0,8	0,02	Ordered	Inversion	1131,86	0,004
1	193,837	5	30	0,8	0,03	Ordered	Inversion	1089,78	0,009
1	193,837	5	30	0,8	0,04	Ordered	Inversion	1245,88	0,003
1	193,837	5	30	0,8	0,05	Ordered	Inversion	1149,74	0,005
1	193,837	5	30	0,9	0,01	Ordered	Inversion	1137,02	0,013
1	193,837	5	30	0,9	0,02	Ordered	Inversion	1156,26	0,02
1	193,837	5	30	0,9	0,03	Ordered	Inversion	1206,42	0,01
1	193,837	5	30	0,9	0,04	Ordered	Inversion	1084,58	0,007
1	193,837	5	30	0,9	0,05	Ordered	Inversion	1156,02	0,017
1	193,837	5	40	0,6	0,01	Ordered	Inversion	1166,42	0,004
1	193,837	5	40	0,6	0,02	Ordered	Inversion	1160,6	0,003
1	193,837	5	40	0,6	0,03	Ordered	Inversion	1323,06	0,002
1	193,837	5	40	0,6	0,04	Ordered	Inversion	1216,92	0,001
1	193,837	5	40	0,6	0,05	Ordered	Inversion	1136,72	0,008
1	193,837	5	40	0,7	0,01	Ordered	Inversion	1204,82	0,006
1	193,837	5	40	0,7	0,02	Ordered	Inversion	1122,04	0,008
1	193,837	5	40	0,7	0,03	Ordered	Inversion	1036,86	0,009
1	193,837	5	40	0,7	0,04	Ordered	Inversion	1140,28	0,012
1	193,837	5	40	0,7	0,05	Ordered	Inversion	1014,94	0,019
1	193,837	5	40	0,8	0,01	Ordered	Inversion	1019,5	0,016
1	193,837	5	40	0,8	0,02	Ordered	Inversion	1098,76	0,009
1	193,837	5	40	0,8	0,03	Ordered	Inversion	933,480000000003	0,013
1	193,837	5	40	0,8	0,04	Ordered	Inversion	962,900000000001	0,012
1	193,837	5	40	0,8	0,05	Ordered	Inversion	1310,6	0,003
1	193,837	5	40	0,9	0,01	Ordered	Inversion	1140,86	0,004
1	193,837	5	40	0,9	0,02	Ordered	Inversion	1242,38	0,004
1	193,837	5	40	0,9	0,03	Ordered	Inversion	888,380000000002	0,023
1	193,837	5	40	0,9	0,04	Ordered	Inversion	931,200000000003	0,038
1	193,837	5	40	0,9	0,05	Ordered	Inversion	1189,26	0,003
1	193,837	5	50	0,6	0,01	Ordered	Inversion	1241,74	0,005
1	193,837	5	50	0,6	0,02	Ordered	Inversion	1102,36	0,006
1	193,837	5	50	0,6	0,03	Ordered	Inversion	1146,3	0,016
1	193,837	5	50	0,6	0,04	Ordered	Inversion	1152,18	0,008
1	193,837	5	50	0,6	0,05	Ordered	Inversion	1048,48	0,017
1	193,837	5	50	0,7	0,01	Ordered	Inversion	1096,14	0,022
1	193,837	5	50	0,7	0,02	Ordered	Inversion	1041,38	0,017
1	193,837	5	50	0,7	0,03	Ordered	Inversion	833,460000000002	0,15
1	193,837	5	50	0,7	0,04	Ordered	Inversion	1068,1	0,015
1	193,837	5	50	0,7	0,05	Ordered	Inversion	1065,48	0,017
1	193,837	5	50	0,8	0,01	Ordered	Inversion	766,940000000001	0,026
1	193,837	5	50	0,8	0,02	Ordered	Inversion	1137,18	0,011
1	193,837	5	50	0,8	0,03	Ordered	Inversion	1123,12	0,006
1	193,837	5	50	0,8	0,04	Ordered	Inversion	1065,14	0,023
1	193,837	5	50	0,8	0,05	Ordered	Inversion	1068,16	0,008
1	193,837	5	50	0,9	0,01	Ordered	Inversion	1119,48	0,018
1	193,837	5	50	0,9	0,02	Ordered	Inversion	1182,12	0,01
1	193,837	5	50	0,9	0,03	Ordered	Inversion	974,300000000002	0,02
1	193,837	5	50	0,9	0,04	Ordered	Inversion	1204,76	0,007
1	193,837	5	50	0,9	0,05	Ordered	Inversion	1117,92	0,015
1	193,837	10	10	0,6	0,01	Ordered	Inversion	1331,4	0,001
1	193,837	10	10	0,6	0,02	Ordered	Inversion	1368,78	0,002
1	193,837	10	10	0,6	0,03	Ordered	Inversion	1164,96	0,006
1	193,837	10	10	0,6	0,04	Ordered	Inversion	1138,52	0,004
1	193,837	10	10	0,6	0,05	Ordered	Inversion	1274,16	0,002
1	193,837	10	10	0,7	0,01	Ordered	Inversion	1082,44	0,005
1	193,837	10	10	0,7	0,02	Ordered	Inversion	1194,44	0,002
1	193,837	10	10	0,7	0,03	Ordered	Inversion	1193,78	0,002
1	193,837	10	10	0,7	0,04	Ordered	Inversion	1292,6	0,006
1	193,837	10	10	0,7	0,05	Ordered	Inversion	1118,06	0,008
1	193,837	10	10	0,8	0,01	Ordered	Inversion	1101,88	0,005
1	193,837	10	10	0,8	0,02	Ordered	Inversion	1269,1	0,006
1	193,837	10	10	0,8	0,03	Ordered	Inversion	1399,7	0,002
1	193,837	10	10	0,8	0,04	Ordered	Inversion	1248,46	0,006
1	193,837	10	10	0,8	0,05	Ordered	Inversion	1308,04	0,002
1	193,837	10	10	0,9	0,01	Ordered	Inversion	1377,64	0,006
1	193,837	10	10	0,9	0,02	Ordered	Inversion	1267,02	0,007
1	193,837	10	10	0,9	0,03	Ordered	Inversion	1132,16	0,008
1	193,837	10	10	0,9	0,04	Ordered	Inversion	1244,9	0,01
1	193,837	10	10	0,9	0,05	Ordered	Inversion	1322,76	0,017
1	193,837	10	20	0,6	0,01	Ordered	Inversion	1211,28	0,009
1	193,837	10	20	0,6	0,02	Ordered	Inversion	1177,78	0,005
1	193,837	10	20	0,6	0,03	Ordered	Inversion	1288,02	0,004
1	193,837	10	20	0,6	0,04	Ordered	Inversion	1153,64	0,006
1	193,837	10	20	0,6	0,05	Ordered	Inversion	1002,94	0,012
1	193,837	10	20	0,7	0,01	Ordered	Inversion	1222,2	0,009
1	193,837	10	20	0,7	0,02	Ordered	Inversion	1234,6	0,005
1	193,837	10	20	0,7	0,03	Ordered	Inversion	930,420000000002	0,018
1	193,837	10	20	0,7	0,04	Ordered	Inversion	1110	0,009
1	193,837	10	20	0,7	0,05	Ordered	Inversion	1085,26	0,022
1	193,837	10	20	0,8	0,01	Ordered	Inversion	872,980000000002	0,012
1	193,837	10	20	0,8	0,02	Ordered	Inversion	1122,72	0,009
1	193,837	10	20	0,8	0,03	Ordered	Inversion	992,680000000003	0,017
1	193,837	10	20	0,8	0,04	Ordered	Inversion	1019,56	0,011
1	193,837	10	20	0,8	0,05	Ordered	Inversion	1148,44	0,007
1	193,837	10	20	0,9	0,01	Ordered	Inversion	1082,98	0,015
1	193,837	10	20	0,9	0,02	Ordered	Inversion	927,760000000002	0,008
1	193,837	10	20	0,9	0,03	Ordered	Inversion	1179,1	0,012
1	193,837	10	20	0,9	0,04	Ordered	Inversion	1017,32	0,041
1	193,837	10	20	0,9	0,05	Ordered	Inversion	1068,64	0,051
1	193,837	10	30	0,6	0,01	Ordered	Inversion	1019,84	0,01
1	193,837	10	30	0,6	0,02	Ordered	Inversion	1092,74	0,013
1	193,837	10	30	0,6	0,03	Ordered	Inversion	1059,06	0,013
1	193,837	10	30	0,6	0,04	Ordered	Inversion	1215,56	0,003
1	193,837	10	30	0,6	0,05	Ordered	Inversion	938,580000000002	0,013
1	193,837	10	30	0,7	0,01	Ordered	Inversion	1035,64	0,012
1	193,837	10	30	0,7	0,02	Ordered	Inversion	1168,32	0,011
1	193,837	10	30	0,7	0,03	Ordered	Inversion	999,040000000003	0,099
1	193,837	10	30	0,7	0,04	Ordered	Inversion	1089,4	0,017
1	193,837	10	30	0,7	0,05	Ordered	Inversion	1192,62	0,005
1	193,837	10	30	0,8	0,01	Ordered	Inversion	1033,26	0,015
1	193,837	10	30	0,8	0,02	Ordered	Inversion	1152,52	0,015
1	193,837	10	30	0,8	0,03	Ordered	Inversion	948,600000000002	0,028
1	193,837	10	30	0,8	0,04	Ordered	Inversion	900,440000000002	0,022
1	193,837	10	30	0,8	0,05	Ordered	Inversion	865,500000000001	0,021
1	193,837	10	30	0,9	0,01	Ordered	Inversion	1259,98	0,015
1	193,837	10	30	0,9	0,02	Ordered	Inversion	929,600000000002	0,044
1	193,837	10	30	0,9	0,03	Ordered	Inversion	975,920000000002	0,035
1	193,837	10	30	0,9	0,04	Ordered	Inversion	996,960000000002	0,028
1	193,837	10	30	0,9	0,05	Ordered	Inversion	974,660000000002	0,035
1	193,837	10	40	0,6	0,01	Ordered	Inversion	1164,34	0,015
1	193,837	10	40	0,6	0,02	Ordered	Inversion	916,280000000002	0,037
1	193,837	10	40	0,6	0,03	Ordered	Inversion	1087,16	0,079
1	193,837	10	40	0,6	0,04	Ordered	Inversion	1213,9	0,016
1	193,837	10	40	0,6	0,05	Ordered	Inversion	890,080000000002	0,028
1	193,837	10	40	0,7	0,01	Ordered	Inversion	1034,96	0,016
1	193,837	10	40	0,7	0,02	Ordered	Inversion	1062,8	0,029
1	193,837	10	40	0,7	0,03	Ordered	Inversion	1051,44	0,052
1	193,837	10	40	0,7	0,04	Ordered	Inversion	1002,16	0,133
1	193,837	10	40	0,7	0,05	Ordered	Inversion	947,720000000002	0,028
1	193,837	10	40	0,8	0,01	Ordered	Inversion	1064,32	0,031
1	193,837	10	40	0,8	0,02	Ordered	Inversion	1219,88	0,011
1	193,837	10	40	0,8	0,03	Ordered	Inversion	1076,36	0,018
1	193,837	10	40	0,8	0,04	Ordered	Inversion	872,060000000002	0,039
1	193,837	10	40	0,8	0,05	Ordered	Inversion	843,720000000002	0,029
1	193,837	10	40	0,9	0,01	Ordered	Inversion	933,920000000002	0,04
1	193,837	10	40	0,9	0,02	Ordered	Inversion	950,940000000002	0,058
1	193,837	10	40	0,9	0,03	Ordered	Inversion	1042,84	0,063
1	193,837	10	40	0,9	0,04	Ordered	Inversion	791,720000000002	0,062
1	193,837	10	40	0,9	0,05	Ordered	Inversion	906,760000000002	0,177
1	193,837	10	50	0,6	0,01	Ordered	Inversion	1019,7	0,035
1	193,837	10	50	0,6	0,02	Ordered	Inversion	1063,34	0,034
1	193,837	10	50	0,6	0,03	Ordered	Inversion	949,680000000001	0,043
1	193,837	10	50	0,6	0,04	Ordered	Inversion	932,220000000002	0,114
1	193,837	10	50	0,6	0,05	Ordered	Inversion	954,240000000002	0,032
1	193,837	10	50	0,7	0,01	Ordered	Inversion	887,320000000002	0,03
1	193,837	10	50	0,7	0,02	Ordered	Inversion	824,140000000002	0,032
1	193,837	10	50	0,7	0,03	Ordered	Inversion	907,480000000003	0,02
1	193,837	10	50	0,7	0,04	Ordered	Inversion	807,460000000002	0,04
1	193,837	10	50	0,7	0,05	Ordered	Inversion	878,220000000002	0,047
1	193,837	10	50	0,8	0,01	Ordered	Inversion	912,980000000002	0,025
1	193,837	10	50	0,8	0,02	Ordered	Inversion	980,340000000002	0,04
1	193,837	10	50	0,8	0,03	Ordered	Inversion	1031,12	0,017
1	193,837	10	50	0,8	0,04	Ordered	Inversion	1062,32	0,024
1	193,837	10	50	0,8	0,05	Ordered	Inversion	876,040000000002	0,156
1	193,837	10	50	0,9	0,01	Ordered	Inversion	971,000000000002	0,037
1	193,837	10	50	0,9	0,02	Ordered	Inversion	923,380000000002	0,06
1	193,837	10	50	0,9	0,03	Ordered	Inversion	954,000000000001	0,085
1	193,837	10	50	0,9	0,04	Ordered	Inversion	846,440000000002	0,095
1	193,837	10	50	0,9	0,05	Ordered	Inversion	849,220000000001	0,066
1	193,837	15	10	0,6	0,01	Ordered	Inversion	1359,64	0,003
1	193,837	15	10	0,6	0,02	Ordered	Inversion	1245,5	0,005
1	193,837	15	10	0,6	0,03	Ordered	Inversion	1372,72	0,002
1	193,837	15	10	0,6	0,04	Ordered	Inversion	1294,86	0,003
1	193,837	15	10	0,6	0,05	Ordered	Inversion	1503,16	0,004
1	193,837	15	10	0,7	0,01	Ordered	Inversion	1302,94	0,004
1	193,837	15	10	0,7	0,02	Ordered	Inversion	1392,7	0,003
1	193,837	15	10	0,7	0,03	Ordered	Inversion	1208,36	0,006
1	193,837	15	10	0,7	0,04	Ordered	Inversion	1177,74	0,003
1	193,837	15	10	0,7	0,05	Ordered	Inversion	1334,12	0,007
1	193,837	15	10	0,8	0,01	Ordered	Inversion	1193,24	0,003
1	193,837	15	10	0,8	0,02	Ordered	Inversion	1313,58	0,003
1	193,837	15	10	0,8	0,03	Ordered	Inversion	1102,76	0,005
1	193,837	15	10	0,8	0,04	Ordered	Inversion	1155,68	0,009
1	193,837	15	10	0,8	0,05	Ordered	Inversion	1121,52	0,015
1	193,837	15	10	0,9	0,01	Ordered	Inversion	1326,12	0,077
1	193,837	15	10	0,9	0,02	Ordered	Inversion	1136,2	0,01
1	193,837	15	10	0,9	0,03	Ordered	Inversion	1433,46	0,046
1	193,837	15	10	0,9	0,04	Ordered	Inversion	1010,02	0,045
1	193,837	15	10	0,9	0,05	Ordered	Inversion	1011,54	0,06
1	193,837	15	20	0,6	0,01	Ordered	Inversion	1274,26	0,008
1	193,837	15	20	0,6	0,02	Ordered	Inversion	1231,98	0,007
1	193,837	15	20	0,6	0,03	Ordered	Inversion	1128,66	0,006
1	193,837	15	20	0,6	0,04	Ordered	Inversion	1064,12	0,029
1	193,837	15	20	0,6	0,05	Ordered	Inversion	1149,46	0,011
1	193,837	15	20	0,7	0,01	Ordered	Inversion	1130,08	0,006
1	193,837	15	20	0,7	0,02	Ordered	Inversion	959,240000000002	0,013
1	193,837	15	20	0,7	0,03	Ordered	Inversion	1267,12	0,003
1	193,837	15	20	0,7	0,04	Ordered	Inversion	1103,24	0,012
1	193,837	15	20	0,7	0,05	Ordered	Inversion	1139,94	0,028
1	193,837	15	20	0,8	0,01	Ordered	Inversion	1185,9	0,01
1	193,837	15	20	0,8	0,02	Ordered	Inversion	1040,84	0,013
1	193,837	15	20	0,8	0,03	Ordered	Inversion	1083,46	0,027
1	193,837	15	20	0,8	0,04	Ordered	Inversion	993,700000000002	0,03
1	193,837	15	20	0,8	0,05	Ordered	Inversion	1124,58	0,012
1	193,837	15	20	0,9	0,01	Ordered	Inversion	1254	0,114
1	193,837	15	20	0,9	0,02	Ordered	Inversion	1162,96	0,028
1	193,837	15	20	0,9	0,03	Ordered	Inversion	1094,54	0,057
1	193,837	15	20	0,9	0,04	Ordered	Inversion	936,740000000002	0,094
1	193,837	15	20	0,9	0,05	Ordered	Inversion	852,860000000001	0,043
1	193,837	15	30	0,6	0,01	Ordered	Inversion	971,580000000003	0,015
1	193,837	15	30	0,6	0,02	Ordered	Inversion	1027,38	0,013
1	193,837	15	30	0,6	0,03	Ordered	Inversion	1103,24	0,016
1	193,837	15	30	0,6	0,04	Ordered	Inversion	986,800000000003	0,012
1	193,837	15	30	0,6	0,05	Ordered	Inversion	879,680000000002	0,017
1	193,837	15	30	0,7	0,01	Ordered	Inversion	968,920000000002	0,016
1	193,837	15	30	0,7	0,02	Ordered	Inversion	1238,94	0,017
1	193,837	15	30	0,7	0,03	Ordered	Inversion	1077,72	0,026
1	193,837	15	30	0,7	0,04	Ordered	Inversion	1014,84	0,038
1	193,837	15	30	0,7	0,05	Ordered	Inversion	1008,66	0,024
1	193,837	15	30	0,8	0,01	Ordered	Inversion	951,620000000001	0,109
1	193,837	15	30	0,8	0,02	Ordered	Inversion	912,980000000002	0,055
1	193,837	15	30	0,8	0,03	Ordered	Inversion	956,620000000002	0,029
1	193,837	15	30	0,8	0,04	Ordered	Inversion	990,980000000003	0,031
1	193,837	15	30	0,8	0,05	Ordered	Inversion	938,240000000003	0,033
1	193,837	15	30	0,9	0,01	Ordered	Inversion	1013,28	0,024
1	193,837	15	30	0,9	0,02	Ordered	Inversion	913,940000000002	0,049
1	193,837	15	30	0,9	0,03	Ordered	Inversion	902,920000000002	0,051
1	193,837	15	30	0,9	0,04	Ordered	Inversion	938,440000000002	0,144
1	193,837	15	30	0,9	0,05	Ordered	Inversion	840,220000000002	0,051
1	193,837	15	40	0,6	0,01	Ordered	Inversion	1118,8	0,019
1	193,837	15	40	0,6	0,02	Ordered	Inversion	871,040000000001	0,024
1	193,837	15	40	0,6	0,03	Ordered	Inversion	1155	0,012
1	193,837	15	40	0,6	0,04	Ordered	Inversion	776,400000000001	0,023
1	193,837	15	40	0,6	0,05	Ordered	Inversion	900,140000000002	0,061
1	193,837	15	40	0,7	0,01	Ordered	Inversion	1084,52	0,019
1	193,837	15	40	0,7	0,02	Ordered	Inversion	950,400000000002	0,026
1	193,837	15	40	0,7	0,03	Ordered	Inversion	806,060000000002	0,152
1	193,837	15	40	0,7	0,04	Ordered	Inversion	842,940000000002	0,052
1	193,837	15	40	0,7	0,05	Ordered	Inversion	837,060000000002	0,142
1	193,837	15	40	0,8	0,01	Ordered	Inversion	846,100000000002	0,027
1	193,837	15	40	0,8	0,02	Ordered	Inversion	968,480000000003	0,032
1	193,837	15	40	0,8	0,03	Ordered	Inversion	787,200000000002	0,047
1	193,837	15	40	0,8	0,04	Ordered	Inversion	961,480000000003	0,069
1	193,837	15	40	0,8	0,05	Ordered	Inversion	879,580000000001	0,078
1	193,837	15	40	0,9	0,01	Ordered	Inversion	1047,26	0,05
1	193,837	15	40	0,9	0,02	Ordered	Inversion	1000,46	0,018
1	193,837	15	40	0,9	0,03	Ordered	Inversion	717,360000000002	0,091
1	193,837	15	40	0,9	0,04	Ordered	Inversion	836,040000000002	0,082
1	193,837	15	40	0,9	0,05	Ordered	Inversion	842,120000000002	0,174
1	193,837	15	50	0,6	0,01	Ordered	Inversion	1010,72	0,035
1	193,837	15	50	0,6	0,02	Ordered	Inversion	986,840000000003	0,038
1	193,837	15	50	0,6	0,03	Ordered	Inversion	851,160000000002	0,043
1	193,837	15	50	0,6	0,04	Ordered	Inversion	876,180000000002	0,061
1	193,837	15	50	0,6	0,05	Ordered	Inversion	809,360000000002	0,057
1	193,837	15	50	0,7	0,01	Ordered	Inversion	1079,18	0,119
1	193,837	15	50	0,7	0,02	Ordered	Inversion	1055,02	0,025
1	193,837	15	50	0,7	0,03	Ordered	Inversion	972,560000000002	0,026
1	193,837	15	50	0,7	0,04	Ordered	Inversion	953,560000000002	0,055
1	193,837	15	50	0,7	0,05	Ordered	Inversion	813,540000000002	0,079
1	193,837	15	50	0,8	0,01	Ordered	Inversion	961,620000000002	0,046
1	193,837	15	50	0,8	0,02	Ordered	Inversion	767,420000000002	0,044
1	193,837	15	50	0,8	0,03	Ordered	Inversion	823,560000000001	0,071
1	193,837	15	50	0,8	0,04	Ordered	Inversion	843,720000000003	0,129
1	193,837	15	50	0,8	0,05	Ordered	Inversion	760,320000000001	0,084
1	193,837	15	50	0,9	0,01	Ordered	Inversion	858,100000000002	0,061
1	193,837	15	50	0,9	0,02	Ordered	Inversion	776,800000000002	0,123
1	193,837	15	50	0,9	0,03	Ordered	Inversion	926,540000000002	0,048
1	193,837	15	50	0,9	0,04	Ordered	Inversion	793,080000000002	0,231
1	193,837	15	50	0,9	0,05	Ordered	Inversion	694,080000000001	0,182
1	193,837	20	10	0,6	0,01	Ordered	Inversion	1299,34	0,008
1	193,837	20	10	0,6	0,02	Ordered	Inversion	1427,74	0,004
1	193,837	20	10	0,6	0,03	Ordered	Inversion	1357,32	0,006
1	193,837	20	10	0,6	0,04	Ordered	Inversion	1430,4	0,005
1	193,837	20	10	0,6	0,05	Ordered	Inversion	1308,08	0,011
1	193,837	20	10	0,7	0,01	Ordered	Inversion	1298,32	0,012
1	193,837	20	10	0,7	0,02	Ordered	Inversion	1310,02	0,005
1	193,837	20	10	0,7	0,03	Ordered	Inversion	1300,6	0,008
1	193,837	20	10	0,7	0,04	Ordered	Inversion	1375,4	0,008
1	193,837	20	10	0,7	0,05	Ordered	Inversion	1076,22	0,015
1	193,837	20	10	0,8	0,01	Ordered	Inversion	1355,52	0,006
1	193,837	20	10	0,8	0,02	Ordered	Inversion	1150,72	0,005
1	193,837	20	10	0,8	0,03	Ordered	Inversion	1127,78	0,016
1	193,837	20	10	0,8	0,04	Ordered	Inversion	1227,16	0,017
1	193,837	20	10	0,8	0,05	Ordered	Inversion	1224,68	0,01
1	193,837	20	10	0,9	0,01	Ordered	Inversion	1350,32	0,005
1	193,837	20	10	0,9	0,02	Ordered	Inversion	1377,78	0,005
1	193,837	20	10	0,9	0,03	Ordered	Inversion	1290,54	0,013
1	193,837	20	10	0,9	0,04	Ordered	Inversion	1341,7	0,059
1	193,837	20	10	0,9	0,05	Ordered	Inversion	1195,14	0,065
1	193,837	20	20	0,6	0,01	Ordered	Inversion	1116,8	0,011
1	193,837	20	20	0,6	0,02	Ordered	Inversion	1040,5	0,016
1	193,837	20	20	0,6	0,03	Ordered	Inversion	1282,24	0,009
1	193,837	20	20	0,6	0,04	Ordered	Inversion	917,880000000002	0,021
1	193,837	20	20	0,6	0,05	Ordered	Inversion	905,200000000002	0,027
1	193,837	20	20	0,7	0,01	Ordered	Inversion	1139,06	0,013
1	193,837	20	20	0,7	0,02	Ordered	Inversion	1112,76	0,012
1	193,837	20	20	0,7	0,03	Ordered	Inversion	1055,8	0,011
1	193,837	20	20	0,7	0,04	Ordered	Inversion	792,740000000002	0,041
1	193,837	20	20	0,7	0,05	Ordered	Inversion	886,640000000002	0,025
1	193,837	20	20	0,8	0,01	Ordered	Inversion	1091,04	0,022
1	193,837	20	20	0,8	0,02	Ordered	Inversion	812,820000000002	0,022
1	193,837	20	20	0,8	0,03	Ordered	Inversion	1030,58	0,096
1	193,837	20	20	0,8	0,04	Ordered	Inversion	990,880000000002	0,033
1	193,837	20	20	0,8	0,05	Ordered	Inversion	899,020000000002	0,058
1	193,837	20	20	0,9	0,01	Ordered	Inversion	1344,2	0,033
1	193,837	20	20	0,9	0,02	Ordered	Inversion	963,220000000003	0,072
1	193,837	20	20	0,9	0,03	Ordered	Inversion	1073,94	0,056
1	193,837	20	20	0,9	0,04	Ordered	Inversion	865,300000000002	0,051
1	193,837	20	20	0,9	0,05	Ordered	Inversion	954,040000000002	0,139
1	193,837	20	30	0,6	0,01	Ordered	Inversion	1086,96	0,026
1	193,837	20	30	0,6	0,02	Ordered	Inversion	941,840000000002	0,049
1	193,837	20	30	0,6	0,03	Ordered	Inversion	982,240000000001	0,027
1	193,837	20	30	0,6	0,04	Ordered	Inversion	1014,84	0,023
1	193,837	20	30	0,6	0,05	Ordered	Inversion	838,080000000002	0,043
1	193,837	20	30	0,7	0,01	Ordered	Inversion	898,400000000001	0,138
1	193,837	20	30	0,7	0,02	Ordered	Inversion	1053,18	0,018
1	193,837	20	30	0,7	0,03	Ordered	Inversion	1119,18	0,03
1	193,837	20	30	0,7	0,04	Ordered	Inversion	857,380000000002	0,058
1	193,837	20	30	0,7	0,05	Ordered	Inversion	880,220000000002	0,059
1	193,837	20	30	0,8	0,01	Ordered	Inversion	926,200000000002	0,036
1	193,837	20	30	0,8	0,02	Ordered	Inversion	994,620000000003	0,02
1	193,837	20	30	0,8	0,03	Ordered	Inversion	918,040000000002	0,043
1	193,837	20	30	0,8	0,04	Ordered	Inversion	831,840000000002	0,054
1	193,837	20	30	0,8	0,05	Ordered	Inversion	1015,92	0,018
1	193,837	20	30	0,9	0,01	Ordered	Inversion	903,300000000003	0,127
1	193,837	20	30	0,9	0,02	Ordered	Inversion	849,460000000002	0,099
1	193,837	20	30	0,9	0,03	Ordered	Inversion	841,440000000002	0,206
1	193,837	20	30	0,9	0,04	Ordered	Inversion	893,340000000002	0,154
1	193,837	20	30	0,9	0,05	Ordered	Inversion	944,180000000002	0,051
1	193,837	20	40	0,6	0,01	Ordered	Inversion	1263,28	0,026
1	193,837	20	40	0,6	0,02	Ordered	Inversion	989,280000000002	0,022
1	193,837	20	40	0,6	0,03	Ordered	Inversion	923,580000000002	0,042
1	193,837	20	40	0,6	0,04	Ordered	Inversion	919,340000000002	0,038
1	193,837	20	40	0,6	0,05	Ordered	Inversion	1104,94	0,02
1	193,837	20	40	0,7	0,01	Ordered	Inversion	997,200000000003	0,029
1	193,837	20	40	0,7	0,02	Ordered	Inversion	868,600000000002	0,152
1	193,837	20	40	0,7	0,03	Ordered	Inversion	1086,96	0,023
1	193,837	20	40	0,7	0,04	Ordered	Inversion	939,080000000002	0,045
1	193,837	20	40	0,7	0,05	Ordered	Inversion	958,220000000003	0,033
1	193,837	20	40	0,8	0,01	Ordered	Inversion	920,500000000002	0,059
1	193,837	20	40	0,8	0,02	Ordered	Inversion	892,420000000002	0,049
1	193,837	20	40	0,8	0,03	Ordered	Inversion	898,540000000002	0,148
1	193,837	20	40	0,8	0,04	Ordered	Inversion	987,380000000003	0,028
1	193,837	20	40	0,8	0,05	Ordered	Inversion	817,620000000001	0,094
1	193,837	20	40	0,9	0,01	Ordered	Inversion	936,360000000001	0,099
1	193,837	20	40	0,9	0,02	Ordered	Inversion	984,860000000002	0,052
1	193,837	20	40	0,9	0,03	Ordered	Inversion	760,520000000001	0,265
1	193,837	20	40	0,9	0,04	Ordered	Inversion	1046,24	0,065
1	193,837	20	40	0,9	0,05	Ordered	Inversion	858,060000000002	0,163
1	193,837	20	50	0,6	0,01	Ordered	Inversion	722,080000000001	0,022
1	193,837	20	50	0,6	0,02	Ordered	Inversion	762,560000000001	0,062
1	193,837	20	50	0,6	0,03	Ordered	Inversion	775,480000000001	0,07
1	193,837	20	50	0,6	0,04	Ordered	Inversion	908,120000000002	0,054
1	193,837	20	50	0,6	0,05	Ordered	Inversion	852,320000000002	0,053
1	193,837	20	50	0,7	0,01	Ordered	Inversion	1016,4	0,108
1	193,837	20	50	0,7	0,02	Ordered	Inversion	832,740000000002	0,039
1	193,837	20	50	0,7	0,03	Ordered	Inversion	856,160000000002	0,059
1	193,837	20	50	0,7	0,04	Ordered	Inversion	1038,08	0,049
1	193,837	20	50	0,7	0,05	Ordered	Inversion	866,860000000001	0,08
1	193,837	20	50	0,8	0,01	Ordered	Inversion	951,560000000002	0,036
1	193,837	20	50	0,8	0,02	Ordered	Inversion	895,480000000002	0,134
1	193,837	20	50	0,8	0,03	Ordered	Inversion	811,400000000002	0,083
1	193,837	20	50	0,8	0,04	Ordered	Inversion	829,340000000002	0,054
1	193,837	20	50	0,8	0,05	Ordered	Inversion	808,480000000002	0,069
1	193,837	20	50	0,9	0,01	Ordered	Inversion	915,360000000001	0,166
1	193,837	20	50	0,9	0,02	Ordered	Inversion	1143,78	0,054
1	193,837	20	50	0,9	0,03	Ordered	Inversion	723,440000000001	0,459
1	193,837	20	50	0,9	0,04	Ordered	Inversion	824,280000000002	0,2
1	193,837	20	50	0,9	0,05	Ordered	Inversion	750,800000000001	0,256
1	193,837	25	10	0,6	0,01	Ordered	Inversion	1474,27999999999	0,006
1	193,837	25	10	0,6	0,02	Ordered	Inversion	1506,32	0,004
1	193,837	25	10	0,6	0,03	Ordered	Inversion	1195,78	0,008
1	193,837	25	10	0,6	0,04	Ordered	Inversion	1070,24	0,021
1	193,837	25	10	0,6	0,05	Ordered	Inversion	1118,46	0,022
1	193,837	25	10	0,7	0,01	Ordered	Inversion	1405,95999999999	0,005
1	193,837	25	10	0,7	0,02	Ordered	Inversion	1210,16	0,009
1	193,837	25	10	0,7	0,03	Ordered	Inversion	1347,46	0,005
1	193,837	25	10	0,7	0,04	Ordered	Inversion	1202,48	0,009
1	193,837	25	10	0,7	0,05	Ordered	Inversion	1061,64	0,011
1	193,837	25	10	0,8	0,01	Ordered	Inversion	1212,2	0,009
1	193,837	25	10	0,8	0,02	Ordered	Inversion	1219,98	0,011
1	193,837	25	10	0,8	0,03	Ordered	Inversion	1014,98	0,017
1	193,837	25	10	0,8	0,04	Ordered	Inversion	1138,28	0,008
1	193,837	25	10	0,8	0,05	Ordered	Inversion	1017,66	0,032
1	193,837	25	10	0,9	0,01	Ordered	Inversion	1359,22	0,08
1	193,837	25	10	0,9	0,02	Ordered	Inversion	1169,92	0,026
1	193,837	25	10	0,9	0,03	Ordered	Inversion	927,880000000002	0,05
1	193,837	25	10	0,9	0,04	Ordered	Inversion	1220,2	0,005
1	193,837	25	10	0,9	0,05	Ordered	Inversion	1300,36	0,023
1	193,837	25	20	0,6	0,01	Ordered	Inversion	1297,2	0,01
1	193,837	25	20	0,6	0,02	Ordered	Inversion	944,440000000002	0,011
1	193,837	25	20	0,6	0,03	Ordered	Inversion	890,960000000002	0,031
1	193,837	25	20	0,6	0,04	Ordered	Inversion	965,200000000002	0,01
1	193,837	25	20	0,6	0,05	Ordered	Inversion	1136,62	0,015
1	193,837	25	20	0,7	0,01	Ordered	Inversion	1296,9	0,011
1	193,837	25	20	0,7	0,02	Ordered	Inversion	1075,1	0,01
1	193,837	25	20	0,7	0,03	Ordered	Inversion	1077,78	0,011
1	193,837	25	20	0,7	0,04	Ordered	Inversion	1007,16	0,019
1	193,837	25	20	0,7	0,05	Ordered	Inversion	893,780000000002	0,038
1	193,837	25	20	0,8	0,01	Ordered	Inversion	1071,9	0,024
1	193,837	25	20	0,8	0,02	Ordered	Inversion	1144,84	0,037
1	193,837	25	20	0,8	0,03	Ordered	Inversion	938,980000000002	0,125
1	193,837	25	20	0,8	0,04	Ordered	Inversion	1016,26	0,047
1	193,837	25	20	0,8	0,05	Ordered	Inversion	937,720000000001	0,052
1	193,837	25	20	0,9	0,01	Ordered	Inversion	989,520000000002	0,051
1	193,837	25	20	0,9	0,02	Ordered	Inversion	1008,62	0,102
1	193,837	25	20	0,9	0,03	Ordered	Inversion	965,080000000002	0,04
1	193,837	25	20	0,9	0,04	Ordered	Inversion	848,200000000002	0,055
1	193,837	25	20	0,9	0,05	Ordered	Inversion	828,120000000002	0,528
1	193,837	25	30	0,6	0,01	Ordered	Inversion	1024,22	0,022
1	193,837	25	30	0,6	0,02	Ordered	Inversion	1077,74	0,016
1	193,837	25	30	0,6	0,03	Ordered	Inversion	1073,88	0,018
1	193,837	25	30	0,6	0,04	Ordered	Inversion	909,140000000001	0,05
1	193,837	25	30	0,6	0,05	Ordered	Inversion	896,500000000001	0,029
1	193,837	25	30	0,7	0,01	Ordered	Inversion	1123,94	0,023
1	193,837	25	30	0,7	0,02	Ordered	Inversion	1061,34	0,031
1	193,837	25	30	0,7	0,03	Ordered	Inversion	1026,5	0,025
1	193,837	25	30	0,7	0,04	Ordered	Inversion	838,280000000002	0,036
1	193,837	25	30	0,7	0,05	Ordered	Inversion	937,620000000002	0,072
1	193,837	25	30	0,8	0,01	Ordered	Inversion	1024,7	0,029
1	193,837	25	30	0,8	0,02	Ordered	Inversion	927,360000000002	0,031
1	193,837	25	30	0,8	0,03	Ordered	Inversion	950,400000000002	0,047
1	193,837	25	30	0,8	0,04	Ordered	Inversion	797,940000000002	0,06
1	193,837	25	30	0,8	0,05	Ordered	Inversion	888,240000000002	0,047
1	193,837	25	30	0,9	0,01	Ordered	Inversion	900,300000000001	0,053
1	193,837	25	30	0,9	0,02	Ordered	Inversion	956,660000000003	0,055
1	193,837	25	30	0,9	0,03	Ordered	Inversion	859,320000000003	0,056
1	193,837	25	30	0,9	0,04	Ordered	Inversion	809,020000000002	0,066
1	193,837	25	30	0,9	0,05	Ordered	Inversion	834,100000000001	0,102
1	193,837	25	40	0,6	0,01	Ordered	Inversion	874,900000000002	0,019
1	193,837	25	40	0,6	0,02	Ordered	Inversion	846,780000000002	0,062
1	193,837	25	40	0,6	0,03	Ordered	Inversion	1005,32	0,025
1	193,837	25	40	0,6	0,04	Ordered	Inversion	898,640000000002	0,05
1	193,837	25	40	0,6	0,05	Ordered	Inversion	772,620000000001	0,076
1	193,837	25	40	0,7	0,01	Ordered	Inversion	1001,82	0,043
1	193,837	25	40	0,7	0,02	Ordered	Inversion	914,820000000002	0,03
1	193,837	25	40	0,7	0,03	Ordered	Inversion	952,340000000003	0,047
1	193,837	25	40	0,7	0,04	Ordered	Inversion	888,140000000002	0,03
1	193,837	25	40	0,7	0,05	Ordered	Inversion	679,460000000001	0,079
1	193,837	25	40	0,8	0,01	Ordered	Inversion	955,940000000002	0,123
1	193,837	25	40	0,8	0,02	Ordered	Inversion	788,900000000002	0,059
1	193,837	25	40	0,8	0,03	Ordered	Inversion	878,140000000001	0,09
1	193,837	25	40	0,8	0,04	Ordered	Inversion	788,320000000001	0,203
1	193,837	25	40	0,8	0,05	Ordered	Inversion	756,820000000001	0,069
1	193,837	25	40	0,9	0,01	Ordered	Inversion	920,800000000002	0,071
1	193,837	25	40	0,9	0,02	Ordered	Inversion	846,500000000002	0,09
1	193,837	25	40	0,9	0,03	Ordered	Inversion	750,460000000002	0,172
1	193,837	25	40	0,9	0,04	Ordered	Inversion	772,760000000002	0,118
1	193,837	25	40	0,9	0,05	Ordered	Inversion	776,420000000001	0,227
1	193,837	25	50	0,6	0,01	Ordered	Inversion	988,740000000002	0,054
1	193,837	25	50	0,6	0,02	Ordered	Inversion	808,680000000002	0,071
1	193,837	25	50	0,6	0,03	Ordered	Inversion	834,880000000002	0,059
1	193,837	25	50	0,6	0,04	Ordered	Inversion	793,760000000002	0,239
1	193,837	25	50	0,6	0,05	Ordered	Inversion	785,940000000001	0,096
1	193,837	25	50	0,7	0,01	Ordered	Inversion	1008,52	0,037
1	193,837	25	50	0,7	0,02	Ordered	Inversion	837,880000000002	0,085
1	193,837	25	50	0,7	0,03	Ordered	Inversion	778,160000000001	0,087
1	193,837	25	50	0,7	0,04	Ordered	Inversion	789,920000000002	0,059
1	193,837	25	50	0,7	0,05	Ordered	Inversion	685,480000000001	0,1
1	193,837	25	50	0,8	0,01	Ordered	Inversion	938,300000000002	0,07
1	193,837	25	50	0,8	0,02	Ordered	Inversion	948,020000000002	0,21
1	193,837	25	50	0,8	0,03	Ordered	Inversion	782,140000000002	0,106
1	193,837	25	50	0,8	0,04	Ordered	Inversion	844,300000000002	0,12
1	193,837	25	50	0,8	0,05	Ordered	Inversion	719,060000000001	0,195
1	193,837	25	50	0,9	0,01	Ordered	Inversion	963,420000000002	0,081
1	193,837	25	50	0,9	0,02	Ordered	Inversion	767,180000000001	0,075
1	193,837	25	50	0,9	0,03	Ordered	Inversion	852,280000000001	0,051
1	193,837	25	50	0,9	0,04	Ordered	Inversion	750,800000000002	0,276
1	193,837	25	50	0,9	0,05	Ordered	Inversion	788,420000000002	0,074
1	193,837	30	10	0,6	0,01	Ordered	Inversion	1219,78	0,004
1	193,837	30	10	0,6	0,02	Ordered	Inversion	1357,66	0,01
1	193,837	30	10	0,6	0,03	Ordered	Inversion	1092,6	0,011
1	193,837	30	10	0,6	0,04	Ordered	Inversion	1236,38	0,008
1	193,837	30	10	0,6	0,05	Ordered	Inversion	1260,6	0,006
1	193,837	30	10	0,7	0,01	Ordered	Inversion	1254,28	0,008
1	193,837	30	10	0,7	0,02	Ordered	Inversion	1321,1	0,016
1	193,837	30	10	0,7	0,03	Ordered	Inversion	1289,48	0,007
1	193,837	30	10	0,7	0,04	Ordered	Inversion	1203,2	0,011
1	193,837	30	10	0,7	0,05	Ordered	Inversion	997,340000000003	0,028
1	193,837	30	10	0,8	0,01	Ordered	Inversion	1438,72	0,004
1	193,837	30	10	0,8	0,02	Ordered	Inversion	1197,42	0,01
1	193,837	30	10	0,8	0,03	Ordered	Inversion	1057,72	0,017
1	193,837	30	10	0,8	0,04	Ordered	Inversion	1162	0,013
1	193,837	30	10	0,8	0,05	Ordered	Inversion	1077,14	0,07
1	193,837	30	10	0,9	0,01	Ordered	Inversion	1392,74	0,01
1	193,837	30	10	0,9	0,02	Ordered	Inversion	1098,72	0,013
1	193,837	30	10	0,9	0,03	Ordered	Inversion	1094,4	0,275
1	193,837	30	10	0,9	0,04	Ordered	Inversion	1414,86	0,097
1	193,837	30	10	0,9	0,05	Ordered	Inversion	1093,62	0,728
1	193,837	30	20	0,6	0,01	Ordered	Inversion	1254,96	0,01
1	193,837	30	20	0,6	0,02	Ordered	Inversion	1030,28	0,029
1	193,837	30	20	0,6	0,03	Ordered	Inversion	997,760000000003	0,023
1	193,837	30	20	0,6	0,04	Ordered	Inversion	1069,12	0,026
1	193,837	30	20	0,6	0,05	Ordered	Inversion	940,000000000002	0,111
1	193,837	30	20	0,7	0,01	Ordered	Inversion	1305,02	0,008
1	193,837	30	20	0,7	0,02	Ordered	Inversion	1267,6	0,01
1	193,837	30	20	0,7	0,03	Ordered	Inversion	846,780000000002	0,04
1	193,837	30	20	0,7	0,04	Ordered	Inversion	806,540000000002	0,084
1	193,837	30	20	0,7	0,05	Ordered	Inversion	905,980000000001	0,046
1	193,837	30	20	0,8	0,01	Ordered	Inversion	988,500000000002	0,046
1	193,837	30	20	0,8	0,02	Ordered	Inversion	880,360000000002	0,042
1	193,837	30	20	0,8	0,03	Ordered	Inversion	982,180000000003	0,142
1	193,837	30	20	0,8	0,04	Ordered	Inversion	853,200000000002	0,033
1	193,837	30	20	0,8	0,05	Ordered	Inversion	916,480000000003	0,024
1	193,837	30	20	0,9	0,01	Ordered	Inversion	1355,04	0,02
1	193,837	30	20	0,9	0,02	Ordered	Inversion	1108,44	0,043
1	193,837	30	20	0,9	0,03	Ordered	Inversion	902,820000000002	0,096
1	193,837	30	20	0,9	0,04	Ordered	Inversion	921,480000000003	0,626
1	193,837	30	20	0,9	0,05	Ordered	Inversion	984,220000000002	0,178
1	193,837	30	30	0,6	0,01	Ordered	Inversion	1133,76	0,03
1	193,837	30	30	0,6	0,02	Ordered	Inversion	911,960000000002	0,038
1	193,837	30	30	0,6	0,03	Ordered	Inversion	802,560000000001	0,048
1	193,837	30	30	0,6	0,04	Ordered	Inversion	918,320000000002	0,041
1	193,837	30	30	0,6	0,05	Ordered	Inversion	933,920000000002	0,049
1	193,837	30	30	0,7	0,01	Ordered	Inversion	984,220000000002	0,021
1	193,837	30	30	0,7	0,02	Ordered	Inversion	720,040000000002	0,07
1	193,837	30	30	0,7	0,03	Ordered	Inversion	869,720000000002	0,075
1	193,837	30	30	0,7	0,04	Ordered	Inversion	845,760000000002	0,024
1	193,837	30	30	0,7	0,05	Ordered	Inversion	786,520000000001	0,077
1	193,837	30	30	0,8	0,01	Ordered	Inversion	903,500000000003	0,073
1	193,837	30	30	0,8	0,02	Ordered	Inversion	855,680000000002	0,13
1	193,837	30	30	0,8	0,03	Ordered	Inversion	987,140000000001	0,075
1	193,837	30	30	0,8	0,04	Ordered	Inversion	876,580000000002	0,083
1	193,837	30	30	0,8	0,05	Ordered	Inversion	1003,56	0,053
1	193,837	30	30	0,9	0,01	Ordered	Inversion	809,900000000002	0,1
1	193,837	30	30	0,9	0,02	Ordered	Inversion	803,240000000001	0,087
1	193,837	30	30	0,9	0,03	Ordered	Inversion	823,940000000002	0,253
1	193,837	30	30	0,9	0,04	Ordered	Inversion	758,240000000001	0,145
1	193,837	30	30	0,9	0,05	Ordered	Inversion	808,340000000002	0,179
1	193,837	30	40	0,6	0,01	Ordered	Inversion	1079,28	0,048
1	193,837	30	40	0,6	0,02	Ordered	Inversion	1090,56	0,023
1	193,837	30	40	0,6	0,03	Ordered	Inversion	895,140000000002	0,155
1	193,837	30	40	0,6	0,04	Ordered	Inversion	915,400000000002	0,074
1	193,837	30	40	0,6	0,05	Ordered	Inversion	801,780000000002	0,058
1	193,837	30	40	0,7	0,01	Ordered	Inversion	1064,46	0,024
1	193,837	30	40	0,7	0,02	Ordered	Inversion	773,320000000001	0,113
1	193,837	30	40	0,7	0,03	Ordered	Inversion	920,260000000002	0,061
1	193,837	30	40	0,7	0,04	Ordered	Inversion	771,940000000001	0,2
1	193,837	30	40	0,7	0,05	Ordered	Inversion	813,840000000001	0,162
1	193,837	30	40	0,8	0,01	Ordered	Inversion	855,640000000002	0,072
1	193,837	30	40	0,8	0,02	Ordered	Inversion	873,660000000002	0,051
1	193,837	30	40	0,8	0,03	Ordered	Inversion	818,980000000002	0,034
1	193,837	30	40	0,8	0,04	Ordered	Inversion	780,200000000001	0,143
1	193,837	30	40	0,8	0,05	Ordered	Inversion	837,740000000002	0,045
1	193,837	30	40	0,9	0,01	Ordered	Inversion	927,360000000002	0,082
1	193,837	30	40	0,9	0,02	Ordered	Inversion	805,520000000002	0,271
1	193,837	30	40	0,9	0,03	Ordered	Inversion	810,920000000001	0,114
1	193,837	30	40	0,9	0,04	Ordered	Inversion	779,520000000001	0,289
1	193,837	30	40	0,9	0,05	Ordered	Inversion	739,380000000001	0,223
1	193,837	30	50	0,6	0,01	Ordered	Inversion	749,200000000002	0,078
1	193,837	30	50	0,6	0,02	Ordered	Inversion	832,400000000002	0,097
1	193,837	30	50	0,6	0,03	Ordered	Inversion	907,920000000002	0,031
1	193,837	30	50	0,6	0,04	Ordered	Inversion	802,020000000001	0,13
1	193,837	30	50	0,6	0,05	Ordered	Inversion	776,260000000002	0,18
1	193,837	30	50	0,7	0,01	Ordered	Inversion	755,180000000001	0,047
1	193,837	30	50	0,7	0,02	Ordered	Inversion	935,040000000002	0,04
1	193,837	30	50	0,7	0,03	Ordered	Inversion	839,640000000001	0,125
1	193,837	30	50	0,7	0,04	Ordered	Inversion	788,900000000001	0,185
1	193,837	30	50	0,7	0,05	Ordered	Inversion	750,800000000001	0,114
1	193,837	30	50	0,8	0,01	Ordered	Inversion	752,700000000001	0,149
1	193,837	30	50	0,8	0,02	Ordered	Inversion	799,640000000002	0,089
1	193,837	30	50	0,8	0,03	Ordered	Inversion	854,900000000001	0,111
1	193,837	30	50	0,8	0,04	Ordered	Inversion	800,180000000001	0,192
1	193,837	30	50	0,8	0,05	Ordered	Inversion	679,940000000001	0,196
1	193,837	30	50	0,9	0,01	Ordered	Inversion	905,540000000002	0,106
1	193,837	30	50	0,9	0,02	Ordered	Inversion	923,720000000002	0,065
1	193,837	30	50	0,9	0,03	Ordered	Inversion	787,540000000002	0,283
1	193,837	30	50	0,9	0,04	Ordered	Inversion	704,340000000001	0,349
1	193,837	30	50	0,9	0,05	Ordered	Inversion	740,060000000002	0,177
1	193,837	35	10	0,6	0,01	Ordered	Inversion	1399,84	0,006
1	193,837	35	10	0,6	0,02	Ordered	Inversion	1218,76	0,013
1	193,837	35	10	0,6	0,03	Ordered	Inversion	1327,48	0,015
1	193,837	35	10	0,6	0,04	Ordered	Inversion	966,580000000002	0,105
1	193,837	35	10	0,6	0,05	Ordered	Inversion	1084,28	0,018
1	193,837	35	10	0,7	0,01	Ordered	Inversion	1300,8	0,007
1	193,837	35	10	0,7	0,02	Ordered	Inversion	1480,12	0,004
1	193,837	35	10	0,7	0,03	Ordered	Inversion	1144,02	0,01
1	193,837	35	10	0,7	0,04	Ordered	Inversion	1005,56	0,027
1	193,837	35	10	0,7	0,05	Ordered	Inversion	1079,28	0,019
1	193,837	35	10	0,8	0,01	Ordered	Inversion	1361,34	0,006
1	193,837	35	10	0,8	0,02	Ordered	Inversion	955,600000000002	0,026
1	193,837	35	10	0,8	0,03	Ordered	Inversion	1226,92	0,015
1	193,837	35	10	0,8	0,04	Ordered	Inversion	981,940000000002	0,038
1	193,837	35	10	0,8	0,05	Ordered	Inversion	1079,66	0,028
1	193,837	35	10	0,9	0,01	Ordered	Inversion	1345,4	0,008
1	193,837	35	10	0,9	0,02	Ordered	Inversion	1268,34	0,019
1	193,837	35	10	0,9	0,03	Ordered	Inversion	1272,16	0,08
1	193,837	35	10	0,9	0,04	Ordered	Inversion	1183,82	0,427
1	193,837	35	10	0,9	0,05	Ordered	Inversion	955,940000000002	0,315
1	193,837	35	20	0,6	0,01	Ordered	Inversion	1049,16	0,01
1	193,837	35	20	0,6	0,02	Ordered	Inversion	1139,1	0,021
1	193,837	35	20	0,6	0,03	Ordered	Inversion	759,640000000002	0,03
1	193,837	35	20	0,6	0,04	Ordered	Inversion	1115,78	0,016
1	193,837	35	20	0,6	0,05	Ordered	Inversion	816,400000000002	0,057
1	193,837	35	20	0,7	0,01	Ordered	Inversion	1187,9	0,024
1	193,837	35	20	0,7	0,02	Ordered	Inversion	1105,96	0,017
1	193,837	35	20	0,7	0,03	Ordered	Inversion	775,740000000001	0,137
1	193,837	35	20	0,7	0,04	Ordered	Inversion	1009,1	0,038
1	193,837	35	20	0,7	0,05	Ordered	Inversion	885,280000000002	0,019
1	193,837	35	20	0,8	0,01	Ordered	Inversion	1013,68	0,038
1	193,837	35	20	0,8	0,02	Ordered	Inversion	893,980000000003	0,059
1	193,837	35	20	0,8	0,03	Ordered	Inversion	979,460000000002	0,065
1	193,837	35	20	0,8	0,04	Ordered	Inversion	928,240000000002	0,048
1	193,837	35	20	0,8	0,05	Ordered	Inversion	890,380000000001	0,143
1	193,837	35	20	0,9	0,01	Ordered	Inversion	1132,4	0,033
1	193,837	35	20	0,9	0,02	Ordered	Inversion	885,760000000002	0,092
1	193,837	35	20	0,9	0,03	Ordered	Inversion	887,900000000001	0,091
1	193,837	35	20	0,9	0,04	Ordered	Inversion	920,080000000002	0,692
1	193,837	35	20	0,9	0,05	Ordered	Inversion	890,280000000002	0,548
1	193,837	35	30	0,6	0,01	Ordered	Inversion	963,040000000002	0,112
1	193,837	35	30	0,6	0,02	Ordered	Inversion	776,700000000002	0,058
1	193,837	35	30	0,6	0,03	Ordered	Inversion	962,880000000003	0,058
1	193,837	35	30	0,6	0,04	Ordered	Inversion	863,220000000001	0,038
1	193,837	35	30	0,6	0,05	Ordered	Inversion	833,320000000002	0,046
1	193,837	35	30	0,7	0,01	Ordered	Inversion	1029,9	0,024
1	193,837	35	30	0,7	0,02	Ordered	Inversion	878,320000000002	0,067
1	193,837	35	30	0,7	0,03	Ordered	Inversion	895,820000000002	0,026
1	193,837	35	30	0,7	0,04	Ordered	Inversion	836,580000000002	0,077
1	193,837	35	30	0,7	0,05	Ordered	Inversion	796,000000000001	0,1
1	193,837	35	30	0,8	0,01	Ordered	Inversion	953,560000000002	0,051
1	193,837	35	30	0,8	0,02	Ordered	Inversion	985,060000000002	0,036
1	193,837	35	30	0,8	0,03	Ordered	Inversion	944,660000000002	0,071
1	193,837	35	30	0,8	0,04	Ordered	Inversion	643,060000000001	0,111
1	193,837	35	30	0,8	0,05	Ordered	Inversion	765,140000000001	0,097
1	193,837	35	30	0,9	0,01	Ordered	Inversion	999,100000000002	0,061
1	193,837	35	30	0,9	0,02	Ordered	Inversion	869,140000000002	0,192
1	193,837	35	30	0,9	0,03	Ordered	Inversion	770,720000000002	0,089
1	193,837	35	30	0,9	0,04	Ordered	Inversion	840,320000000001	0,139
1	193,837	35	30	0,9	0,05	Ordered	Inversion	748,900000000002	0,254
1	193,837	35	40	0,6	0,01	Ordered	Inversion	1082,1	0,137
1	193,837	35	40	0,6	0,02	Ordered	Inversion	826,520000000002	0,06
1	193,837	35	40	0,6	0,03	Ordered	Inversion	888,340000000001	0,076
1	193,837	35	40	0,6	0,04	Ordered	Inversion	878,020000000002	0,161
1	193,837	35	40	0,6	0,05	Ordered	Inversion	877,060000000002	0,069
1	193,837	35	40	0,7	0,01	Ordered	Inversion	1070,1	0,022
1	193,837	35	40	0,7	0,02	Ordered	Inversion	860,580000000002	0,099
1	193,837	35	40	0,7	0,03	Ordered	Inversion	873,420000000001	0,072
1	193,837	35	40	0,7	0,04	Ordered	Inversion	760,080000000001	0,138
1	193,837	35	40	0,7	0,05	Ordered	Inversion	802,800000000002	0,079
1	193,837	35	40	0,8	0,01	Ordered	Inversion	854,180000000001	0,184
1	193,837	35	40	0,8	0,02	Ordered	Inversion	837,540000000002	0,085
1	193,837	35	40	0,8	0,03	Ordered	Inversion	791,860000000002	0,226
1	193,837	35	40	0,8	0,04	Ordered	Inversion	871,960000000002	0,076
1	193,837	35	40	0,8	0,05	Ordered	Inversion	695,880000000001	0,182
1	193,837	35	40	0,9	0,01	Ordered	Inversion	892,320000000002	0,061
1	193,837	35	40	0,9	0,02	Ordered	Inversion	808,000000000002	0,313
1	193,837	35	40	0,9	0,03	Ordered	Inversion	787,540000000002	0,231
1	193,837	35	40	0,9	0,04	Ordered	Inversion	725,140000000001	0,355
1	193,837	35	40	0,9	0,05	Ordered	Inversion	801,440000000002	0,157
1	193,837	35	50	0,6	0,01	Ordered	Inversion	792,600000000001	0,034
1	193,837	35	50	0,6	0,02	Ordered	Inversion	798,080000000002	0,107
1	193,837	35	50	0,6	0,03	Ordered	Inversion	725,480000000001	0,145
1	193,837	35	50	0,6	0,04	Ordered	Inversion	832,400000000002	0,181
1	193,837	35	50	0,6	0,05	Ordered	Inversion	752,500000000001	0,122
1	193,837	35	50	0,7	0,01	Ordered	Inversion	931,680000000003	0,116
1	193,837	35	50	0,7	0,02	Ordered	Inversion	928,000000000001	0,052
1	193,837	35	50	0,7	0,03	Ordered	Inversion	781,900000000001	0,104
1	193,837	35	50	0,7	0,04	Ordered	Inversion	732,240000000001	0,265
1	193,837	35	50	0,7	0,05	Ordered	Inversion	758,040000000001	0,125
1	193,837	35	50	0,8	0,01	Ordered	Inversion	865,980000000002	0,049
1	193,837	35	50	0,8	0,02	Ordered	Inversion	727,760000000002	0,219
1	193,837	35	50	0,8	0,03	Ordered	Inversion	830,500000000002	0,283
1	193,837	35	50	0,8	0,04	Ordered	Inversion	746,960000000001	0,136
1	193,837	35	50	0,8	0,05	Ordered	Inversion	692,720000000001	0,275
1	193,837	35	50	0,9	0,01	Ordered	Inversion	829,140000000002	0,182
1	193,837	35	50	0,9	0,02	Ordered	Inversion	766,740000000001	0,338
1	193,837	35	50	0,9	0,03	Ordered	Inversion	794,240000000001	0,165
1	193,837	35	50	0,9	0,04	Ordered	Inversion	852,520000000002	0,148
1	193,837	35	50	0,9	0,05	Ordered	Inversion	796,820000000002	0,125
1	193,837	40	10	0,6	0,01	Ordered	Inversion	1246,9	0,085
1	193,837	40	10	0,6	0,02	Ordered	Inversion	1287,68	0,005
1	193,837	40	10	0,6	0,03	Ordered	Inversion	953,600000000002	0,021
1	193,837	40	10	0,6	0,04	Ordered	Inversion	1209,86	0,012
1	193,837	40	10	0,6	0,05	Ordered	Inversion	1012,16	0,041
1	193,837	40	10	0,7	0,01	Ordered	Inversion	1293,26	0,008
1	193,837	40	10	0,7	0,02	Ordered	Inversion	1108,78	0,008
1	193,837	40	10	0,7	0,03	Ordered	Inversion	1117,64	0,015
1	193,837	40	10	0,7	0,04	Ordered	Inversion	1152,48	0,048
1	193,837	40	10	0,7	0,05	Ordered	Inversion	1114,46	0,036
1	193,837	40	10	0,8	0,01	Ordered	Inversion	1323,64	0,015
1	193,837	40	10	0,8	0,02	Ordered	Inversion	1195,92	0,013
1	193,837	40	10	0,8	0,03	Ordered	Inversion	1122,64	0,058
1	193,837	40	10	0,8	0,04	Ordered	Inversion	994,760000000002	0,187
1	193,837	40	10	0,8	0,05	Ordered	Inversion	901,160000000002	0,047
1	193,837	40	10	0,9	0,01	Ordered	Inversion	1171,14	0,026
1	193,837	40	10	0,9	0,02	Ordered	Inversion	1075,2	0,127
1	193,837	40	10	0,9	0,03	Ordered	Inversion	1276,5	0,114
1	193,837	40	10	0,9	0,04	Ordered	Inversion	1311	0,4
1	193,837	40	10	0,9	0,05	Ordered	Inversion	1056,78	1,954
1	193,837	40	20	0,6	0,01	Ordered	Inversion	1166,76	0,016
1	193,837	40	20	0,6	0,02	Ordered	Inversion	1123,32	0,02
1	193,837	40	20	0,6	0,03	Ordered	Inversion	1041,52	0,032
1	193,837	40	20	0,6	0,04	Ordered	Inversion	963,080000000002	0,051
1	193,837	40	20	0,6	0,05	Ordered	Inversion	1085,98	0,028
1	193,837	40	20	0,7	0,01	Ordered	Inversion	1094	0,05
1	193,837	40	20	0,7	0,02	Ordered	Inversion	1049,2	0,018
1	193,837	40	20	0,7	0,03	Ordered	Inversion	913,860000000001	0,02
1	193,837	40	20	0,7	0,04	Ordered	Inversion	829,720000000002	0,061
1	193,837	40	20	0,7	0,05	Ordered	Inversion	807,760000000001	0,082
1	193,837	40	20	0,8	0,01	Ordered	Inversion	1000,4	0,069
1	193,837	40	20	0,8	0,02	Ordered	Inversion	1057,32	0,04
1	193,837	40	20	0,8	0,03	Ordered	Inversion	776,800000000002	0,107
1	193,837	40	20	0,8	0,04	Ordered	Inversion	878,320000000002	0,054
1	193,837	40	20	0,8	0,05	Ordered	Inversion	850,580000000001	0,058
1	193,837	40	20	0,9	0,01	Ordered	Inversion	902,960000000002	0,042
1	193,837	40	20	0,9	0,02	Ordered	Inversion	963,720000000002	0,193
1	193,837	40	20	0,9	0,03	Ordered	Inversion	856,500000000002	1,298
1	193,837	40	20	0,9	0,04	Ordered	Inversion	811,120000000001	1,937
1	193,837	40	20	0,9	0,05	Ordered	Inversion	810,240000000002	0,31
1	193,837	40	30	0,6	0,01	Ordered	Inversion	933,100000000002	0,046
1	193,837	40	30	0,6	0,02	Ordered	Inversion	868,120000000002	0,061
1	193,837	40	30	0,6	0,03	Ordered	Inversion	975,240000000002	0,021
1	193,837	40	30	0,6	0,04	Ordered	Inversion	968,040000000002	0,037
1	193,837	40	30	0,6	0,05	Ordered	Inversion	845,120000000001	0,104
1	193,837	40	30	0,7	0,01	Ordered	Inversion	939,660000000002	0,038
1	193,837	40	30	0,7	0,02	Ordered	Inversion	962,880000000003	0,057
1	193,837	40	30	0,7	0,03	Ordered	Inversion	838,960000000002	0,076
1	193,837	40	30	0,7	0,04	Ordered	Inversion	883,180000000002	0,086
1	193,837	40	30	0,7	0,05	Ordered	Inversion	877,840000000002	0,047
1	193,837	40	30	0,8	0,01	Ordered	Inversion	965,660000000002	0,041
1	193,837	40	30	0,8	0,02	Ordered	Inversion	896,980000000002	0,079
1	193,837	40	30	0,8	0,03	Ordered	Inversion	790,740000000001	0,062
1	193,837	40	30	0,8	0,04	Ordered	Inversion	862,460000000002	0,061
1	193,837	40	30	0,8	0,05	Ordered	Inversion	841,580000000002	0,078
1	193,837	40	30	0,9	0,01	Ordered	Inversion	952,340000000003	0,11
1	193,837	40	30	0,9	0,02	Ordered	Inversion	804,020000000002	0,159
1	193,837	40	30	0,9	0,03	Ordered	Inversion	743,700000000002	0,283
1	193,837	40	30	0,9	0,04	Ordered	Inversion	788,900000000002	0,165
1	193,837	40	30	0,9	0,05	Ordered	Inversion	790,800000000001	0,168
1	193,837	40	40	0,6	0,01	Ordered	Inversion	1009,78	0,034
1	193,837	40	40	0,6	0,02	Ordered	Inversion	941,220000000002	0,051
1	193,837	40	40	0,6	0,03	Ordered	Inversion	900,680000000002	0,211
1	193,837	40	40	0,6	0,04	Ordered	Inversion	803,820000000002	0,06
1	193,837	40	40	0,6	0,05	Ordered	Inversion	766,500000000001	0,129
1	193,837	40	40	0,7	0,01	Ordered	Inversion	1074,48	0,032
1	193,837	40	40	0,7	0,02	Ordered	Inversion	677,72	0,154
1	193,837	40	40	0,7	0,03	Ordered	Inversion	771,060000000002	0,351
1	193,837	40	40	0,7	0,04	Ordered	Inversion	712,800000000001	0,269
1	193,837	40	40	0,7	0,05	Ordered	Inversion	829,680000000002	0,066
1	193,837	40	40	0,8	0,01	Ordered	Inversion	937,900000000003	0,051
1	193,837	40	40	0,8	0,02	Ordered	Inversion	778,360000000001	0,073
1	193,837	40	40	0,8	0,03	Ordered	Inversion	799,300000000001	0,082
1	193,837	40	40	0,8	0,04	Ordered	Inversion	815,440000000002	0,133
1	193,837	40	40	0,8	0,05	Ordered	Inversion	747,300000000001	0,088
1	193,837	40	40	0,9	0,01	Ordered	Inversion	779,820000000002	0,129
1	193,837	40	40	0,9	0,02	Ordered	Inversion	755,660000000001	0,189
1	193,837	40	40	0,9	0,03	Ordered	Inversion	932,220000000002	0,183
1	193,837	40	40	0,9	0,04	Ordered	Inversion	713,620000000001	0,099
1	193,837	40	40	0,9	0,05	Ordered	Inversion	760,080000000001	0,11
1	193,837	40	50	0,6	0,01	Ordered	Inversion	941,840000000002	0,062
1	193,837	40	50	0,6	0,02	Ordered	Inversion	838,320000000002	0,073
1	193,837	40	50	0,6	0,03	Ordered	Inversion	638,680000000001	0,234
1	193,837	40	50	0,6	0,04	Ordered	Inversion	725,140000000001	0,255
1	193,837	40	50	0,6	0,05	Ordered	Inversion	727,860000000001	0,113
1	193,837	40	50	0,7	0,01	Ordered	Inversion	921,920000000002	0,104
1	193,837	40	50	0,7	0,02	Ordered	Inversion	822,920000000002	0,218
1	193,837	40	50	0,7	0,03	Ordered	Inversion	721,640000000001	0,153
1	193,837	40	50	0,7	0,04	Ordered	Inversion	809,160000000002	0,145
1	193,837	40	50	0,7	0,05	Ordered	Inversion	733,640000000001	0,218
1	193,837	40	50	0,8	0,01	Ordered	Inversion	913,940000000002	0,112
1	193,837	40	50	0,8	0,02	Ordered	Inversion	726,160000000001	0,203
1	193,837	40	50	0,8	0,03	Ordered	Inversion	702,440000000002	0,32
1	193,837	40	50	0,8	0,04	Ordered	Inversion	758,920000000001	0,086
1	193,837	40	50	0,8	0,05	Ordered	Inversion	582,02	0,179
1	193,837	40	50	0,9	0,01	Ordered	Inversion	795,660000000001	0,151
1	193,837	40	50	0,9	0,02	Ordered	Inversion	743,020000000002	0,199
1	193,837	40	50	0,9	0,03	Ordered	Inversion	721,500000000001	0,216
1	193,837	40	50	0,9	0,04	Ordered	Inversion	855,580000000001	0,271
1	193,837	40	50	0,9	0,05	Ordered	Inversion	757,840000000001	0,246
1	193,837	45	10	0,6	0,01	Ordered	Inversion	1150,04	0,006
1	193,837	45	10	0,6	0,02	Ordered	Inversion	1396,88	0,006
1	193,837	45	10	0,6	0,03	Ordered	Inversion	1006,14	0,022
1	193,837	45	10	0,6	0,04	Ordered	Inversion	940,720000000003	0,066
1	193,837	45	10	0,6	0,05	Ordered	Inversion	1267,3	0,01
1	193,837	45	10	0,7	0,01	Ordered	Inversion	1429	0,007
1	193,837	45	10	0,7	0,02	Ordered	Inversion	1276,36	0,02
1	193,837	45	10	0,7	0,03	Ordered	Inversion	848,340000000002	0,023
1	193,837	45	10	0,7	0,04	Ordered	Inversion	1202,68	0,026
1	193,837	45	10	0,7	0,05	Ordered	Inversion	1003,76	0,069
1	193,837	45	10	0,8	0,01	Ordered	Inversion	1435,76	0,008
1	193,837	45	10	0,8	0,02	Ordered	Inversion	1129,98	0,07
1	193,837	45	10	0,8	0,03	Ordered	Inversion	1003,48	0,186
1	193,837	45	10	0,8	0,04	Ordered	Inversion	1035,06	0,219
1	193,837	45	10	0,8	0,05	Ordered	Inversion	1022,08	0,082
1	193,837	45	10	0,9	0,01	Ordered	Inversion	1205,54	0,022
1	193,837	45	10	0,9	0,02	Ordered	Inversion	1142,12	0,029
1	193,837	45	10	0,9	0,03	Ordered	Inversion	1170,5	0,483
1	193,837	45	10	0,9	0,04	Ordered	Inversion	1203,02	2,978
1	193,837	45	10	0,9	0,05	Ordered	Inversion	1161,28	5,521
1	193,837	45	20	0,6	0,01	Ordered	Inversion	1134,84	0,029
1	193,837	45	20	0,6	0,02	Ordered	Inversion	1056,2	0,027
1	193,837	45	20	0,6	0,03	Ordered	Inversion	892,340000000002	0,052
1	193,837	45	20	0,6	0,04	Ordered	Inversion	938,780000000002	0,023
1	193,837	45	20	0,6	0,05	Ordered	Inversion	842,800000000002	0,08
1	193,837	45	20	0,7	0,01	Ordered	Inversion	1081,32	0,013
1	193,837	45	20	0,7	0,02	Ordered	Inversion	914,720000000002	0,071
1	193,837	45	20	0,7	0,03	Ordered	Inversion	1025,44	0,039
1	193,837	45	20	0,7	0,04	Ordered	Inversion	870,400000000002	0,054
1	193,837	45	20	0,7	0,05	Ordered	Inversion	952,100000000002	0,043
1	193,837	45	20	0,8	0,01	Ordered	Inversion	912,100000000002	0,058
1	193,837	45	20	0,8	0,02	Ordered	Inversion	913,860000000002	0,067
1	193,837	45	20	0,8	0,03	Ordered	Inversion	820,640000000002	0,045
1	193,837	45	20	0,8	0,04	Ordered	Inversion	892,860000000002	0,073
1	193,837	45	20	0,8	0,05	Ordered	Inversion	739,380000000001	0,088
1	193,837	45	20	0,9	0,01	Ordered	Inversion	1147,52	0,02
1	193,837	45	20	0,9	0,02	Ordered	Inversion	897,720000000002	0,096
1	193,837	45	20	0,9	0,03	Ordered	Inversion	798,180000000001	0,402
1	193,837	45	20	0,9	0,04	Ordered	Inversion	779,580000000001	0,601
1	193,837	45	20	0,9	0,05	Ordered	Inversion	798,820000000001	0,918
1	193,837	45	30	0,6	0,01	Ordered	Inversion	985,100000000003	0,035
1	193,837	45	30	0,6	0,02	Ordered	Inversion	1028,4	0,02
1	193,837	45	30	0,6	0,03	Ordered	Inversion	891,840000000002	0,079
1	193,837	45	30	0,6	0,04	Ordered	Inversion	844,020000000001	0,113
1	193,837	45	30	0,6	0,05	Ordered	Inversion	895,480000000002	0,041
1	193,837	45	30	0,7	0,01	Ordered	Inversion	818,440000000002	0,065
1	193,837	45	30	0,7	0,02	Ordered	Inversion	809,360000000002	0,101
1	193,837	45	30	0,7	0,03	Ordered	Inversion	944,020000000002	0,06
1	193,837	45	30	0,7	0,04	Ordered	Inversion	614,820000000001	0,069
1	193,837	45	30	0,7	0,05	Ordered	Inversion	700,480000000001	0,073
1	193,837	45	30	0,8	0,01	Ordered	Inversion	880,220000000002	0,091
1	193,837	45	30	0,8	0,02	Ordered	Inversion	808,680000000002	0,11
1	193,837	45	30	0,8	0,03	Ordered	Inversion	834,780000000001	0,069
1	193,837	45	30	0,8	0,04	Ordered	Inversion	687,720000000001	0,186
1	193,837	45	30	0,8	0,05	Ordered	Inversion	692,920000000001	0,071
1	193,837	45	30	0,9	0,01	Ordered	Inversion	720,180000000002	0,165
1	193,837	45	30	0,9	0,02	Ordered	Inversion	714,740000000001	0,144
1	193,837	45	30	0,9	0,03	Ordered	Inversion	891,100000000002	0,127
1	193,837	45	30	0,9	0,04	Ordered	Inversion	965,660000000002	0,215
1	193,837	45	30	0,9	0,05	Ordered	Inversion	759,980000000002	0,163
1	193,837	45	40	0,6	0,01	Ordered	Inversion	945,540000000002	0,091
1	193,837	45	40	0,6	0,02	Ordered	Inversion	875,560000000001	0,049
1	193,837	45	40	0,6	0,03	Ordered	Inversion	724,800000000001	0,141
1	193,837	45	40	0,6	0,04	Ordered	Inversion	655,840000000001	0,115
1	193,837	45	40	0,6	0,05	Ordered	Inversion	750,120000000002	0,144
1	193,837	45	40	0,7	0,01	Ordered	Inversion	1017,36	0,058
1	193,837	45	40	0,7	0,02	Ordered	Inversion	685,820000000001	0,21
1	193,837	45	40	0,7	0,03	Ordered	Inversion	795,460000000001	0,116
1	193,837	45	40	0,7	0,04	Ordered	Inversion	728,980000000001	0,145
1	193,837	45	40	0,7	0,05	Ordered	Inversion	702,780000000001	0,134
1	193,837	45	40	0,8	0,01	Ordered	Inversion	831,380000000001	0,065
1	193,837	45	40	0,8	0,02	Ordered	Inversion	766,540000000001	0,19
1	193,837	45	40	0,8	0,03	Ordered	Inversion	722,080000000001	0,15
1	193,837	45	40	0,8	0,04	Ordered	Inversion	767,760000000001	0,321
1	193,837	45	40	0,8	0,05	Ordered	Inversion	769,260000000001	0,303
1	193,837	45	40	0,9	0,01	Ordered	Inversion	824,820000000002	0,413
1	193,837	45	40	0,9	0,02	Ordered	Inversion	765,140000000001	0,311
1	193,837	45	40	0,9	0,03	Ordered	Inversion	735,540000000001	0,487
1	193,837	45	40	0,9	0,04	Ordered	Inversion	752,360000000001	0,293
1	193,837	45	40	0,9	0,05	Ordered	Inversion	732,040000000001	0,31
1	193,837	45	50	0,6	0,01	Ordered	Inversion	886,300000000002	0,05
1	193,837	45	50	0,6	0,02	Ordered	Inversion	745,260000000001	0,234
1	193,837	45	50	0,6	0,03	Ordered	Inversion	736,220000000001	0,099
1	193,837	45	50	0,6	0,04	Ordered	Inversion	729,660000000001	0,208
1	193,837	45	50	0,6	0,05	Ordered	Inversion	667,260000000001	0,259
1	193,837	45	50	0,7	0,01	Ordered	Inversion	1003,94	0,159
1	193,837	45	50	0,7	0,02	Ordered	Inversion	728,980000000001	0,094
1	193,837	45	50	0,7	0,03	Ordered	Inversion	694,140000000001	0,123
1	193,837	45	50	0,7	0,04	Ordered	Inversion	788,900000000002	0,141
1	193,837	45	50	0,7	0,05	Ordered	Inversion	759,980000000002	0,279
1	193,837	45	50	0,8	0,01	Ordered	Inversion	922,160000000002	0,084
1	193,837	45	50	0,8	0,02	Ordered	Inversion	827,540000000002	0,155
1	193,837	45	50	0,8	0,03	Ordered	Inversion	714,060000000001	0,399
1	193,837	45	50	0,8	0,04	Ordered	Inversion	724,800000000001	0,147
1	193,837	45	50	0,8	0,05	Ordered	Inversion	763,780000000001	0,107
1	193,837	45	50	0,9	0,01	Ordered	Inversion	724,800000000001	0,142
1	193,837	45	50	0,9	0,02	Ordered	Inversion	727,720000000001	0,325
1	193,837	45	50	0,9	0,03	Ordered	Inversion	740,940000000001	0,121
1	193,837	45	50	0,9	0,04	Ordered	Inversion	616,860000000001	0,301
1	193,837	45	50	0,9	0,05	Ordered	Inversion	725,140000000001	0,484
1	193,837	50	10	0,6	0,01	Ordered	Inversion	1286,46	0,011
1	193,837	50	10	0,6	0,02	Ordered	Inversion	1307,26	0,009
1	193,837	50	10	0,6	0,03	Ordered	Inversion	975,860000000002	0,054
1	193,837	50	10	0,6	0,04	Ordered	Inversion	1071,84	0,022
1	193,837	50	10	0,6	0,05	Ordered	Inversion	993,500000000003	0,038
1	193,837	50	10	0,7	0,01	Ordered	Inversion	1163,84	0,013
1	193,837	50	10	0,7	0,02	Ordered	Inversion	1204,86	0,007
1	193,837	50	10	0,7	0,03	Ordered	Inversion	1021,4	0,033
1	193,837	50	10	0,7	0,04	Ordered	Inversion	1157,48	0,074
1	193,837	50	10	0,7	0,05	Ordered	Inversion	861,700000000002	0,148
1	193,837	50	10	0,8	0,01	Ordered	Inversion	1128,22	0,007
1	193,837	50	10	0,8	0,02	Ordered	Inversion	1255,84	0,005
1	193,837	50	10	0,8	0,03	Ordered	Inversion	923,180000000002	0,161
1	193,837	50	10	0,8	0,04	Ordered	Inversion	1094,3	0,043
1	193,837	50	10	0,8	0,05	Ordered	Inversion	1015,52	0,097
1	193,837	50	10	0,9	0,01	Ordered	Inversion	1256,42	0,016
1	193,837	50	10	0,9	0,02	Ordered	Inversion	1410,1	0,19
1	193,837	50	10	0,9	0,03	Ordered	Inversion	1064,22	0,542
1	193,837	50	10	0,9	0,04	Ordered	Inversion	1090,66	5,485
1	193,837	50	10	0,9	0,05	Ordered	Inversion	1034,52	4,544
1	193,837	50	20	0,6	0,01	Ordered	Inversion	970,860000000003	0,053
1	193,837	50	20	0,6	0,02	Ordered	Inversion	1061,98	0,028
1	193,837	50	20	0,6	0,03	Ordered	Inversion	925,560000000002	0,075
1	193,837	50	20	0,6	0,04	Ordered	Inversion	991,220000000003	0,031
1	193,837	50	20	0,6	0,05	Ordered	Inversion	733,260000000001	0,037
1	193,837	50	20	0,7	0,01	Ordered	Inversion	1011,1	0,078
1	193,837	50	20	0,7	0,02	Ordered	Inversion	1155	0,026
1	193,837	50	20	0,7	0,03	Ordered	Inversion	1030,44	0,035
1	193,837	50	20	0,7	0,04	Ordered	Inversion	825,640000000002	0,073
1	193,837	50	20	0,7	0,05	Ordered	Inversion	828,660000000002	0,055
1	193,837	50	20	0,8	0,01	Ordered	Inversion	1039,92	0,052
1	193,837	50	20	0,8	0,02	Ordered	Inversion	906,860000000001	0,054
1	193,837	50	20	0,8	0,03	Ordered	Inversion	931,680000000002	0,093
1	193,837	50	20	0,8	0,04	Ordered	Inversion	742,000000000002	0,079
1	193,837	50	20	0,8	0,05	Ordered	Inversion	942,580000000002	0,069
1	193,837	50	20	0,9	0,01	Ordered	Inversion	1104,26	0,028
1	193,837	50	20	0,9	0,02	Ordered	Inversion	813,400000000002	0,061
1	193,837	50	20	0,9	0,03	Ordered	Inversion	823,940000000002	0,485
1	193,837	50	20	0,9	0,04	Ordered	Inversion	921,140000000002	1,588
1	193,837	50	20	0,9	0,05	Ordered	Inversion	882,600000000002	3,341
1	193,837	50	30	0,6	0,01	Ordered	Inversion	1065,34	0,041
1	193,837	50	30	0,6	0,02	Ordered	Inversion	998,560000000002	0,046
1	193,837	50	30	0,6	0,03	Ordered	Inversion	813,500000000001	0,099
1	193,837	50	30	0,6	0,04	Ordered	Inversion	975,280000000002	0,074
1	193,837	50	30	0,6	0,05	Ordered	Inversion	720,080000000001	0,161
1	193,837	50	30	0,7	0,01	Ordered	Inversion	966,000000000002	0,047
1	193,837	50	30	0,7	0,02	Ordered	Inversion	881,100000000002	0,163
1	193,837	50	30	0,7	0,03	Ordered	Inversion	812,860000000002	0,059
1	193,837	50	30	0,7	0,04	Ordered	Inversion	875,360000000002	0,058
1	193,837	50	30	0,7	0,05	Ordered	Inversion	785,740000000001	0,104
1	193,837	50	30	0,8	0,01	Ordered	Inversion	715,280000000001	0,222
1	193,837	50	30	0,8	0,02	Ordered	Inversion	806,060000000001	0,064
1	193,837	50	30	0,8	0,03	Ordered	Inversion	719,120000000001	0,107
1	193,837	50	30	0,8	0,04	Ordered	Inversion	765,180000000002	0,154
1	193,837	50	30	0,8	0,05	Ordered	Inversion	679,460000000002	0,144
1	193,837	50	30	0,9	0,01	Ordered	Inversion	992,380000000002	0,247
1	193,837	50	30	0,9	0,02	Ordered	Inversion	870,500000000002	0,279
1	193,837	50	30	0,9	0,03	Ordered	Inversion	822,680000000001	0,169
1	193,837	50	30	0,9	0,04	Ordered	Inversion	810,380000000002	0,17
1	193,837	50	30	0,9	0,05	Ordered	Inversion	745,360000000001	0,16
1	193,837	50	40	0,6	0,01	Ordered	Inversion	913,320000000001	0,156
1	193,837	50	40	0,6	0,02	Ordered	Inversion	791,140000000002	0,13
1	193,837	50	40	0,6	0,03	Ordered	Inversion	876,240000000002	0,097
1	193,837	50	40	0,6	0,04	Ordered	Inversion	844,160000000002	0,249
1	193,837	50	40	0,6	0,05	Ordered	Inversion	930,280000000002	0,067
1	193,837	50	40	0,7	0,01	Ordered	Inversion	934,660000000002	0,074
1	193,837	50	40	0,7	0,02	Ordered	Inversion	859,760000000002	0,103
1	193,837	50	40	0,7	0,03	Ordered	Inversion	806,540000000002	0,232
1	193,837	50	40	0,7	0,04	Ordered	Inversion	816,260000000002	0,133
1	193,837	50	40	0,7	0,05	Ordered	Inversion	744,920000000002	0,135
1	193,837	50	40	0,8	0,01	Ordered	Inversion	875,360000000002	0,196
1	193,837	50	40	0,8	0,02	Ordered	Inversion	745,160000000001	0,227
1	193,837	50	40	0,8	0,03	Ordered	Inversion	729,320000000001	0,158
1	193,837	50	40	0,8	0,04	Ordered	Inversion	715,080000000001	0,207
1	193,837	50	40	0,8	0,05	Ordered	Inversion	674,400000000001	0,134
1	193,837	50	40	0,9	0,01	Ordered	Inversion	734,180000000002	0,175
1	193,837	50	40	0,9	0,02	Ordered	Inversion	831,140000000001	0,294
1	193,837	50	40	0,9	0,03	Ordered	Inversion	671,780000000001	0,202
1	193,837	50	40	0,9	0,04	Ordered	Inversion	770,580000000002	0,274
1	193,837	50	40	0,9	0,05	Ordered	Inversion	754,640000000001	0,418
1	193,837	50	50	0,6	0,01	Ordered	Inversion	980,620000000002	0,063
1	193,837	50	50	0,6	0,02	Ordered	Inversion	883,040000000002	0,102
1	193,837	50	50	0,6	0,03	Ordered	Inversion	874,680000000002	0,26
1	193,837	50	50	0,6	0,04	Ordered	Inversion	837,260000000002	0,101
1	193,837	50	50	0,6	0,05	Ordered	Inversion	753,760000000002	0,09
1	193,837	50	50	0,7	0,01	Ordered	Inversion	783,900000000001	0,235
1	193,837	50	50	0,7	0,02	Ordered	Inversion	854,900000000001	0,269
1	193,837	50	50	0,7	0,03	Ordered	Inversion	779,380000000002	0,116
1	193,837	50	50	0,7	0,04	Ordered	Inversion	814,560000000002	0,319
1	193,837	50	50	0,7	0,05	Ordered	Inversion	749,340000000001	0,205
1	193,837	50	50	0,8	0,01	Ordered	Inversion	798,280000000002	0,115
1	193,837	50	50	0,8	0,02	Ordered	Inversion	724,460000000001	0,332
1	193,837	50	50	0,8	0,03	Ordered	Inversion	729,660000000002	0,221
1	193,837	50	50	0,8	0,04	Ordered	Inversion	692,580000000001	0,188
1	193,837	50	50	0,8	0,05	Ordered	Inversion	737,440000000001	0,258
1	193,837	50	50	0,9	0,01	Ordered	Inversion	695,200000000001	0,168
1	193,837	50	50	0,9	0,02	Ordered	Inversion	728,440000000002	0,495
1	193,837	50	50	0,9	0,03	Ordered	Inversion	748,560000000002	0,206
1	193,837	50	50	0,9	0,04	Ordered	Inversion	812,080000000002	0,221
1	193,837	50	50	0,9	0,05	Ordered	Inversion	774,520000000001	0,244

